3.1,0.0,0.0,1.60786376569,0.0515201914592,0.0625497752517
3.12,0.0,0.0,1.62575655571,0.0526408000291,0.0625497633117
3.12,0.0,0.0,1.64522972597,0.0538603765127,0.0625497490777
3.16,0.0,0.0,1.6659104878,0.0551555018166,0.0625496882073
3.16,0.0,0.0,1.73750310093,0.0596393795044,0.0625498002356
3.18,0.0,0.0,1.82102216957,0.0648703069789,0.0625500937353
3.22,0.0,0.0,1.82465937591,0.0650981951457,0.0625501322921
3.22,0.0,0.0,1.8385493742,0.0659681390202,0.0625501224191
3.26,0.0,0.0,1.85123717859,0.0667627938357,0.0625503792464
3.26,0.0,0.0,1.85123565864,0.0667627049592,0.0625503762011
3.28,0.0,0.0,1.85404671122,0.0669387049565,0.0625504251963
3.32,0.0,0.0,1.90989163691,0.0704363947297,0.0625506695332
3.34,0.0,0.0,1.96326924232,0.0737797493822,0.0625508867434
3.34,0.0,0.0,1.9632640634,0.07377952905,0.0625508850501
3.38,0.0,0.0,1.96326327399,0.0737785018342,0.0627269005984
3.4,0.0,0.0,1.96326359084,0.0737768712244,0.0666013218161
3.42,0.0,0.0,1.9632641971,0.073776364308,0.0706845355878
3.44,0.0,0.0,1.96326405826,0.0737761650537,0.070684720724
3.44,0.0,0.0,1.96326402538,0.0737761512085,0.070684731491
3.46,0.0,0.0,1.97436753707,0.0745622211881,0.0706847524866
3.5,0.0,0.0,1.99039677818,0.0756972404012,0.0706847047124
3.52,0.0,0.0,1.99039147382,0.0756969211286,0.0706845778424
3.54,0.0,0.0,1.99039027717,0.0756967978139,0.0706846145072
3.54,0.0,0.0,1.99814749837,0.0762459686261,0.0706848037672
3.58,0.0,0.0,2.00789908818,0.0769363799632,0.0706846758445
3.6,0.0,0.0,2.00848642521,0.0769781026659,0.0706845627071
3.62,0.0,0.0,2.00848574719,0.0769780500144,0.0706845898093
3.64,0.0,0.0,2.00848521778,0.0769780017575,0.0706846039046
3.66,0.0,0.0,2.00848508734,0.0769779889945,0.0706846190652
3.68,0.0,0.0,2.01010987882,0.0770929003452,0.0706847021721
3.68,0.0,0.0,2.03356329861,0.0787531858419,0.0706855051526
3.72,0.0,0.0,2.05039030388,0.0799442350727,0.0706864729369
3.72,0.0,0.0,2.06952078137,0.0812982706238,0.070687884621
3.76,0.0,0.0,2.14190028647,0.0864219124455,0.0706928913344
3.78,0.0,0.0,2.19707135309,0.0903278869722,0.0707401516547
3.78,0.0,0.0,2.19706616013,0.0903251109297,0.0755977258596
3.82,0.0,0.0,2.19706653081,0.0903236115706,0.0804075929157
3.84,0.0,0.0,2.19706722243,0.090322857247,0.0804076103722
3.84,0.0,0.0,2.20027180766,0.0905817188994,0.0804092044945
3.88,0.0,0.0,2.20212155239,0.0907309087075,0.0804093655427
3.88,0.0,0.0,2.26709563169,0.0959674950822,0.0804139346766
3.9,0.0,0.0,2.35721163204,0.103231345837,0.0804312482096
3.92,0.0,0.0,2.41740912865,0.108083846439,0.0804396484461
3.96,0.0,0.0,2.44376227072,0.110208477502,0.0804457052254
3.98,0.0,0.0,2.46625788933,0.112022722997,0.0804492150732
4.0,0.0,0.0,2.46625325053,0.112022646817,0.080448624277
4.02,0.0,0.0,2.46969196433,0.112300367928,0.0804491747258
4.04,0.0,0.0,2.49789329898,0.114574690329,0.0804512218974
4.04,0.0,0.0,2.52970551365,0.117140595926,0.0804548738497
4.06,0.0,0.0,2.58800478122,0.121843067871,0.0804610166012
4.08,0.0,0.0,2.59560328193,0.122456332856,0.0804630620323
4.12,0.0,0.0,2.62309462158,0.124674321899,0.0804670407332
4.12,0.0,0.0,2.63853072975,0.12591946664,0.0804682328884
4.16,0.0,0.0,2.64185592205,0.126188417486,0.0804694125382
4.18,0.0,0.0,2.64185353442,0.126188281147,0.0804693755302
4.2,0.0,0.0,2.64185131601,0.12618814725,0.0804693205688
4.22,0.0,0.0,2.64430917107,0.126386795197,0.0804699164369
4.24,0.0,0.0,2.65605477047,0.127334272014,0.0804686271237
4.24,0.0,0.0,2.66464873313,0.128027362533,0.0804684070271
4.28,0.0,0.0,2.66902351935,0.128381029398,0.0804662525396
4.3,0.0,0.0,2.669021949,0.128380975682,0.080466240932
4.3,0.0,0.0,2.68688727739,0.129822084703,0.0804649751679
4.32,0.0,0.0,2.70308278961,0.131128434332,0.0804635749318
4.36,0.0,0.0,2.73553149646,0.133746020639,0.0804597045881
4.38,0.0,0.0,2.76172846348,0.135858595695,0.0804585045649
4.4,0.0,0.0,2.79267259718,0.138354513773,0.0804573377411
4.42,0.0,0.0,2.79616782354,0.138636140281,0.0804571044669
4.44,0.0,0.0,2.88144973458,0.145513705438,0.0804583358506
4.46,0.0,0.0,2.95343520603,0.151318791374,0.0804591892469
4.46,0.0,0.0,2.95343463849,0.151318985091,0.0804593582205
4.48,0.0,0.0,2.95343360289,0.151319063165,0.0804594549378
4.52,0.0,0.0,2.95343281094,0.151319041262,0.0804595519177
4.54,0.0,0.0,2.9534318662,0.151319007713,0.0804596920348
4.56,0.0,0.0,2.95343125921,0.151318986667,0.0804597846969
4.58,0.0,0.0,2.95405665605,0.151369391943,0.0804600301088
4.6,0.0,0.0,2.95675177333,0.151587191235,0.080460446692
4.6,0.0,0.0,2.96122500927,0.151948412742,0.0804609751689
4.62,0.0,0.0,3.02669161541,0.157227836831,0.0804614888348
4.64,0.0,0.0,3.09908776441,0.163065979342,0.0804619524481
4.64,0.0,0.0,3.18161938634,0.169721516241,0.0804624270684
4.68,0.0,0.0,3.28019874293,0.177671235609,0.080463061741
4.7,0.0,0.0,3.35631129692,0.183808980702,0.0804634244788
4.72,0.0,0.0,3.35631098469,0.183809156251,0.0804636576114
4.72,0.0,0.0,3.35631061504,0.183809371587,0.0804636509712
4.76,0.0,0.0,3.35631025848,0.183809409418,0.0804636190865
4.78,0.0,0.0,3.35630991967,0.183809414672,0.0804636920107
4.8,0.0,0.0,3.35630963006,0.18380941434,0.0804637798635
4.82,0.0,0.0,3.35630937767,0.183809413724,0.0804638645023
4.84,0.0,0.0,3.35630908721,0.183809413448,0.080463967994
4.86,0.0,0.0,3.36102113028,0.184189550042,0.080464096805
4.88,0.0,0.0,3.36586911194,0.184580591547,0.0804642834785
4.9,0.0,0.0,3.36586890024,0.184580765467,0.0804644891825
4.9,0.0,0.0,3.36586872973,0.184580882741,0.0804646542323
4.92,0.0,0.0,3.36586858403,0.184580991716,0.0804647834766
4.96,0.0,0.0,3.36947682703,0.184872182954,0.0804648777703
4.98,0.0,0.0,3.42542896003,0.18938429238,0.0804650576766
5.0,0.0,0.0,3.46720539354,0.192753208613,0.080465153882
5.02,0.0,0.0,3.50500286418,0.195801251327,0.0804652490077
5.02999887502,0.000149994375063,0.015,3.55221896732,0.199608834916,0.080465421485
5.02999887502,0.000149994375063,0.015,3.55221892251,0.199608849319,0.0804654675344
5.03999437536,0.000449949377088,0.03,3.55221877771,0.199608911358,0.0804655997521
5.04998425207,0.000899797517465,0.045,3.55221867411,0.199608968861,0.0804656821374
5.05996625747,0.00149943758226,0.06,3.55221859987,0.19960898656,0.0804657223758
5.05996625747,0.00149943758226,0.06,3.55221853102,0.19960898909,0.0804657594095
5.07989767298,0.00314752014697,0.09,3.55299094594,0.199671300669,0.0804658118266
5.08984259861,0.00419559183526,0.105,3.57809747633,0.201695986391,0.0804658342076
5.08984259861,0.00419559183526,0.105,3.62326615885,0.205338481135,0.0804659303568
5.09977068496,0.00539271390814,0.12,3.62929334333,0.205824526086,0.0804659827902
5.10967969828,0.00673861701822,0.135,3.62929329672,0.205824520133,0.0804660354595
5.12943159261,0.00987552165286,0.165,3.71438325111,0.212686329031,0.080466131209
5.12943159261,0.00987552165286,0.165,3.71981997295,0.213124767794,0.0804661425582
5.14908050623,0.0136034827367,0.195,3.75710037073,0.216131074164,0.0804661888143
5.15886081538,0.0156880817352,0.21,3.75710032981,0.216131052319,0.080466227055
5.16860875645,0.0179191453565,0.225,3.75710029471,0.216131059282,0.0804662625044
5.1783221362,0.0202961716208,0.24,3.75769459574,0.216179009421,0.0804662855474
5.18799876916,0.0228186257071,0.255,3.77888610138,0.217888007296,0.0804663119595
5.19763647812,0.025485940074,0.27,3.80488355865,0.21998445831,0.0804663322402
5.19763647812,0.025485940074,0.27,3.80810569685,0.22024427627,0.0804663508923
5.21678645954,0.0312527166536,0.3,3.80810566807,0.220244249746,0.0804663789522
5.22629442333,0.0343508813659,0.315,3.83137317142,0.22212064206,0.0804664077976
5.23575484676,0.0375913116498,0.33,3.84776403113,0.223442433316,0.0804664270368
5.24516560129,0.0409732784223,0.345,3.84776401002,0.223442388122,0.080466446366
5.24516560129,0.0409732784223,0.345,3.84776399389,0.223442373322,0.0804664610267
5.26382964574,0.0481587460459,0.375,3.84776397665,0.22344238182,0.0804664763343
5.27307873634,0.0519606301971,0.39,3.84776396306,0.223442390719,0.0804664850168
5.28226976031,0.0559008178008,0.405,3.84776394439,0.223442398933,0.0804664946926
5.29140064972,0.0599784223314,0.42,3.8477639325,0.223442402928,0.0804665002269
5.30046935014,0.0641925263451,0.435,3.84776392564,0.223442405068,0.0804665034034
5.30947382116,0.0685421816862,0.45,3.84776391428,0.223442408653,0.0804665086498
5.30947382116,0.0685421816862,0.45,3.84776390598,0.223442411386,0.0804665125399
5.32728198605,0.0776442014561,0.48,3.84776389613,0.223442414881,0.0804665172691
5.33608167315,0.0823945179688,0.495,3.84776388579,0.223442418927,0.0804665223623
5.33608167315,0.0823945179688,0.495,3.8477638841,0.223442419628,0.0804665232108
5.35346235764,0.0922884204844,0.525,3.87493937397,0.225633882073,0.0804665285436
5.35346235764,0.0922884204844,0.525,3.88478001883,0.226427429007,0.0804665318539
5.36203944445,0.0974297804009,0.54,3.88632220083,0.226551773179,0.0804665385596
5.37053844885,0.102699213403,0.555,3.88632219876,0.22655177487,0.0804665402338
5.37895745861,0.10809553389,0.57,3.88632219249,0.226551779533,0.0804665447346
5.38729457946,0.113617527714,0.585,3.88632218765,0.226551782905,0.0804665478943
5.39554793561,0.119263952448,0.6,3.88632218325,0.226551785973,0.0804665506875
5.41179594517,0.13092498525,0.63,3.88632217725,0.226551790273,0.0804665544913
5.41978694284,0.136936969635,0.645,3.88632217373,0.226551792946,0.0804665567973
5.42768686515,0.143068138155,0.66,3.88685648006,0.226594882625,0.080466558505
5.42768686515,0.143068138155,0.66,3.92016173494,0.229280650085,0.0804665604674
5.43549393466,0.149317111322,0.675,3.95241718174,0.231881751484,0.0804665619517
5.44320639481,0.155682483144,0.69,3.99216372573,0.235086938758,0.0804665642388
5.45082251033,0.16216282144,0.705,3.99216372371,0.235086928505,0.080466566856
5.45834056762,0.168756668159,0.72,3.9921637219,0.235086927578,0.0804665691316
5.46575887515,0.175462539716,0.735,4.02305748884,0.237578227205,0.0804665707676
5.48028958742,0.189204297301,0.765,4.05375361378,0.240053582231,0.0804665724447
5.48028958742,0.189204297301,0.765,4.05375361204,0.24005358051,0.0804665748682
5.49440157046,0.203375727543,0.795,4.05375361081,0.240053582338,0.0804665763172
5.49440157046,0.203375727543,0.795,4.0537536098,0.240053583727,0.0804665774194
5.50808212444,0.217964077109,0.825,4.05375360841,0.240053585635,0.0804665789169
5.5147567527,0.225410508309,0.84,4.06292378638,0.240793735332,0.0805963109921
5.5213189378,0.23295621747,0.855,4.14361453536,0.24739097858,0.0820055895843
5.52776720327,0.24059950684,0.87,4.23116974328,0.254702557464,0.0841165770179
5.53410009829,0.248338656712,0.885,4.23116974273,0.254702542138,0.0841165789993
5.54031619797,0.256171925808,0.9,4.23116974229,0.254702541054,0.0841165801037
5.54031619797,0.256171925808,0.9,4.2321617678,0.254786184086,0.0841165805298
5.55239244355,0.272113751085,0.93,4.23352277976,0.254900937049,0.0841165814014
5.55824987234,0.280218720423,0.945,4.23352277921,0.254900937784,0.0841165824462
5.55824987234,0.280218720423,0.945,4.2335227791,0.254900937971,0.0841165826482
5.56959675273,0.296687654988,0.975,4.2335227786,0.2549009389,0.0841165836342
5.56959675273,0.296687654988,0.975,4.23352277827,0.254900939547,0.084116584332
5.58044453349,0.313489534441,1.005,4.23352277791,0.254900940252,0.084116585104
5.585678193,0.322010614661,1.02,4.23352277755,0.254900940963,0.0841165859006
5.59078345233,0.330609238225,1.035,4.23352277734,0.254900941396,0.0841165864041
5.5957591628,0.339283470481,1.05,4.23352277717,0.254900941775,0.0841165868749
5.60060420492,0.348031359763,1.065,4.23352277699,0.254900942163,0.0841165873532
5.60531748856,0.356850937832,1.08,4.23352277679,0.254900942603,0.0841165879058
5.60989795326,0.36574022032,1.095,4.26559766036,0.257605356279,0.0841165881498
5.60989795326,0.36574022032,1.095,4.28965066895,0.259633399969,0.0841165882598
5.6186563336,0.383719883118,1.125,4.29012957156,0.259691605669,0.157138805307
5.62283227864,0.392806218079,1.14,4.29012781278,0.259700428561,0.216816717798
5.62687146398,0.401954167673,1.155,4.29012781274,0.259700428641,0.216816718555
5.63077298082,0.411161673651,1.17,4.29012781265,0.259700429009,0.216816719534
5.63453595134,0.420426664361,1.185,4.2901278126,0.259700429228,0.216816720137
5.63453595134,0.420426664361,1.185,4.29012781256,0.259700429438,0.216816720731
5.63815952888,0.429747055221,1.2,4.29012781252,0.259700429685,0.216816721452
5.64498527544,0.4485456372,1.23,4.29012781248,0.259700429949,0.216816722235
5.64818590868,0.458019598719,1.245,4.29012781245,0.259700430248,0.216816723154
5.64818590868,0.458019598719,1.245,4.29012781245,0.259700430352,0.21681672352
5.65415909461,0.477106205285,1.275,4.31993106401,0.266265473343,0.216816723905
5.65693030336,0.486714555927,1.29,4.351304803,0.273176462412,0.216816724361
5.65693030336,0.486714555927,1.29,4.35130480301,0.273176462431,0.216816724459
5.6595570805,0.496363392222,1.305,4.3513048031,0.273176462629,0.216816725456
5.66437500853,0.515773829362,1.335,4.35130480317,0.273176462733,0.216816726064
5.6665650754,0.525531062941,1.35,4.35130480323,0.273176462842,0.216816726647
5.66860854288,0.535320048622,1.365,4.40975387489,0.286051590449,0.21681672684
5.67050495119,0.545138583926,1.38,4.47013182659,0.299351610716,0.216816727032
5.67050495119,0.545138583926,1.38,4.47013182668,0.299351610813,0.216816727105
5.67385491677,0.564855460733,1.41,4.47013182686,0.299351610928,0.216816727196
5.67530772031,0.574749366023,1.425,4.47013182702,0.299351611027,0.216816727269
5.6766119574,0.584663949504,1.44,4.47013182713,0.29935161109,0.216816727317
5.6766119574,0.584663949504,1.44,4.47013182721,0.299351611132,0.216816727349
5.67877359192,0.604546223937,1.47,4.47013182743,0.299351611274,0.21681672744
5.67877359192,0.604546223937,1.47,4.47013182754,0.29935161134,0.216816727482
5.67963050299,0.61450944146,1.485,4.47013182769,0.299351611437,0.216816727538
5.68089554881,0.634468829214,1.515,4.47012940824,0.299360939456,0.263499602299
5.68089554881,0.634468829214,1.515,4.47012658436,0.299370816071,0.320097109353
5.68156133358,0.654457181598,1.545,4.47012304874,0.2993811863,0.377732700522
5.68166929475,0.664456598801,1.56,4.47012304888,0.299381186456,0.377732700742
5.68162725815,0.674456510447,1.575,4.470123049,0.299381186581,0.377732700918
5.68143523322,0.684454666598,1.59,4.47012304914,0.299381186746,0.377732701133
5.68109326317,0.694448817712,1.605,4.47012304923,0.299381186833,0.37773270125
5.68060142495,0.704436715147,1.62,4.47012304936,0.299381186974,0.377732701425
5.67995982922,0.714416111667,1.635,4.47012304948,0.299381187085,0.377732701566
5.67916862033,0.724384761952,1.65,4.47012304956,0.299381187175,0.37773270167
5.67822797631,0.734340423096,1.665,4.47011748974,0.299393573911,0.434347196425
5.67822797631,0.734340423096,1.665,4.47011115848,0.299406246661,0.493935470095
5.67713810878,0.744280855118,1.68,4.4701109005,0.299406725003,0.494763520303
5.67589926298,0.754203821462,1.695,4.47011090057,0.299406725109,0.494763520467
5.67297578493,0.773988431049,1.725,4.4701109007,0.299406725338,0.494763520795
5.67297578493,0.773988431049,1.725,4.47011090077,0.299406725443,0.494763520944
5.67129181045,0.783845622837,1.74,4.47011090088,0.299406725638,0.494763521209
5.66946017308,0.793676447042,1.755,4.47011090101,0.299406725849,0.494763521489
5.66748128493,0.80347869177,1.77,4.4701109011,0.299406725989,0.49476352167
5.66535559125,0.813250151557,1.785,4.47011090121,0.299406726177,0.494763521904
5.6630835703,0.822988627866,1.8,4.47011090133,0.299406726369,0.494763522133
5.66066573329,0.832691929581,1.815,4.47011090144,0.299406726539,0.494763522333
5.66066573329,0.832691929581,1.815,4.47011090155,0.299406726701,0.494763522519
5.65539481975,0.851984284824,1.845,4.47011090166,0.299406726856,0.49476352269
5.65254292915,0.861568997655,1.86,4.47011090175,0.299406726981,0.494763522825
5.65254292915,0.861568997655,1.86,4.47011090182,0.299406727078,0.494763522926
5.64954759409,0.871109855471,1.875,4.47011090195,0.299406727284,0.494763523133
5.64312931843,0.890051429799,1.905,4.4701103377,0.299407771082,0.49656526307
5.63970782192,0.899447884535,1.92,4.47010772164,0.299412434197,0.515980790854
5.63970782192,0.899447884535,1.92,4.47010648431,0.299414544042,0.531084770015
5.63614576879,0.908791961668,1.935,4.47010648443,0.29941454415,0.531084770249
5.62860322987,0.927314585865,1.965,4.47010648455,0.299414544423,0.53108477065
5.62860322987,0.927314585865,1.965,4.4701064846,0.299414544533,0.531084770812
5.62050848947,0.94560263328,1.995,4.47010553878,0.299416149768,0.533913810666
5.61625630095,0.954653538913,2.01,4.47010156484,0.299422634522,0.566000318375
5.61625630095,0.954653538913,2.01,4.47009810078,0.299428026896,0.57573749392
5.60734707067,0.972558932412,2.04,4.47009365806,0.299434576477,0.608599946437
5.60269203346,0.98140939164,2.055,4.47009268976,0.299435961918,0.61116904002
5.59790476802,0.99018903227,2.07,4.47009268981,0.299435962112,0.611169040375
5.59790476802,0.99018903227,2.07,4.47009268982,0.299435962135,0.611169040424
5.58793789042,1.00752797259,2.1,4.47009268989,0.299435962458,0.611169040992
5.58276052076,1.01608337108,2.115,4.47880355103,0.305539320803,0.611169041644
5.58276052076,1.01608337108,2.115,4.48765585615,0.311741783548,0.611169042336
5.57202374392,1.03295640055,2.145,4.49447902613,0.316523270664,0.612114528475
5.57202374392,1.03295640055,2.145,4.49447676883,0.316526400454,0.631013514323
5.5607856833,1.04949978273,2.175,4.49447490803,0.316528908364,0.642704724226
5.55498181467,1.05764319166,2.19,4.49447490828,0.316528908466,0.642704724815
5.55498181467,1.05764319166,2.19,4.49447490832,0.316528908575,0.642704725019
5.54905645241,1.0656986297,2.205,4.4944749085,0.316528909083,0.642704725949
5.53684660675,1.08153836358,2.235,4.49447381925,0.316530359744,0.645459130791
5.53684660675,1.08153836358,2.235,4.4944713528,0.316533518647,0.67153704264
5.52416713438,1.0970047297,2.265,4.49772464908,0.319245157573,0.692858997348
5.51765483777,1.10459353678,2.28,4.54465982848,0.358208611319,0.692858997971
5.51765483777,1.10459353678,2.28,4.59012534797,0.395952017462,0.692858998469
5.50429244959,1.11947386213,2.31,4.59140246906,0.397012226348,0.692858999287
5.50429244959,1.11947386213,2.31,4.59140213982,0.397012622596,0.693641475423
5.49048973124,1.13394668032,2.34,4.59139201367,0.397023832047,0.75255841152
5.49048973124,1.13394668032,2.34,4.59138296777,0.397032783005,0.806248547757
5.48342711479,1.14102618941,2.355,4.59138166509,0.397034028803,0.808989164114
5.47625910422,1.14799896679,2.37,4.59138166528,0.3970340291,0.808989164717
5.46161337513,1.16161807543,2.4,4.59138166546,0.397034029362,0.808989165255
5.46161337513,1.16161807543,2.4,4.59138166551,0.397034029425,0.808989165387
5.44656572416,1.17479174996,2.43,4.59138166578,0.397034029808,0.808989166156
5.44656572416,1.17479174996,2.43,4.59138166585,0.397034029905,0.80898916635
5.43112969317,1.18750813496,2.46,4.59138166604,0.397034030143,0.80898916682
5.42327036291,1.19369125131,2.475,4.59138154276,0.397034148039,0.809247866478
5.42327036291,1.19369125131,2.475,4.59137773374,0.39703767917,0.834973777665
5.41531917354,1.19975578655,2.49,4.59137019852,0.397044288043,0.86794661077
5.40727791404,1.20570037617,2.505,4.59136896978,0.3970453265,0.870391778213
5.39093244153,1.21722439581,2.535,4.59136896987,0.397045326654,0.870391778532
5.38263190618,1.22280123299,2.55,4.59136896998,0.397045326834,0.870391778901
5.3742486552,1.22825293942,2.565,4.59136897011,0.397045327046,0.870391779329
5.36578457479,1.23357828849,2.58,4.59136897022,0.397045327223,0.870391779681
5.36578457479,1.23357828849,2.58,4.59136897033,0.397045327393,0.870391780014
5.34862156095,1.24384515056,2.61,4.59136897054,0.397045327716,0.870391780635
5.33992648914,1.24878435354,2.625,4.59136897066,0.397045327876,0.870391780939
5.33992648914,1.24878435354,2.625,4.59136897077,0.397045328025,0.870391781218
5.32231899705,1.25826874718,2.655,4.59136897095,0.39704532828,0.870391781685
5.31341053838,1.26281180387,2.67,4.59136897106,0.397045328413,0.870391781926
5.3044349386,1.26722072762,2.685,4.59136897119,0.397045328572,0.870391782212
5.29539421718,1.27149452642,2.7,4.59136145404,0.397051362131,0.903317973595
5.28629040824,1.27563223869,2.715,4.59135668326,0.397054905821,0.932424406574
5.28629040824,1.27563223869,2.715,4.59135668393,0.397054905456,0.932424406966
5.26790173483,1.28349571061,2.745,4.59135668403,0.397054905644,0.932424407339
5.25862100773,1.287219701,2.76,4.59135668413,0.397054905828,0.932424407699
5.24928546693,1.29080406677,2.775,4.59135459142,0.397056452273,0.936375667961
5.23989721288,1.29424800144,2.79,4.59134629155,0.397061964833,0.983560312633
5.23045835792,1.29755073015,2.805,4.59133653463,0.397067889619,1.03506738732
5.22097102573,1.30071150979,2.82,4.59133569403,0.39706838766,1.03655397973
5.22097102573,1.30071150979,2.82,4.59133569409,0.397068387927,1.03655398027
5.20185947855,1.30660440933,2.85,4.59133569414,0.397068388112,1.03655398064
5.19223956358,1.30933520335,2.865,4.59133569421,0.397068388354,1.03655398112
5.19223956358,1.30933520335,2.865,4.59133481101,0.397068909925,1.03811165321
5.17288227259,1.31436240794,2.895,4.5913328581,0.397070030168,1.05254594722
5.16314925188,1.31665768741,2.91,4.59132159303,0.397075861835,1.11782313763
5.15338289821,1.31880671883,2.925,4.59131340191,0.3970794179,1.17491942283
5.14358540898,1.32080901868,2.94,4.59131340191,0.397079418097,1.17491942317
5.13375898857,1.32266413644,2.955,4.59131340189,0.397079418403,1.17491942375
5.13375898857,1.32266413644,2.955,4.59131340188,0.397079418618,1.17491942415
5.11402820385,1.32593118936,2.985,4.59131340191,0.397079418628,1.17491942416
5.10412827888,1.32734238944,3.0,4.59131340192,0.397079418852,1.17491942456
5.09420830043,1.32860493746,3.015,4.59131340193,0.397079419133,1.17491942505
5.08427050044,1.32971854935,3.03,4.59131340195,0.397079419328,1.17491942538
5.07431711489,1.33068297454,3.045,4.59131340197,0.39707941954,1.17491942574
5.07431711489,1.33068297454,3.045,4.59131340198,0.39707941965,1.17491942592
5.05437254795,1.33216343052,3.075,4.59131340202,0.397079419774,1.17491942612
5.05437254795,1.33216343052,3.075,4.59131340205,0.397079420002,1.17491942648
5.03439254837,1.33304497308,3.105,4.59131340211,0.397079420302,1.17491942694
5.03439254837,1.33304497308,3.105,4.59131340215,0.397079420516,1.17491942726
5.01439509681,1.3333268089,3.135,4.59131340219,0.397079420629,1.17491942742
5.01439509681,1.3333268089,3.135,4.59131340223,0.397079420765,1.17491942762
5.00439545022,1.33324273643,-3.13318530718,4.59131340226,0.39707942088,1.17491942778
4.98440556433,1.33262470529,-3.10318530718,4.59131340236,0.397079421268,1.17491942832
4.96442031376,1.3318567472,-3.10318530718,4.59131340238,0.397079421347,1.17491942842
4.94443506319,1.33108878911,-3.10318530718,4.5913108897,0.397080451911,1.18598143611
4.92444981262,1.33032083102,-3.10318530718,4.5913086858,0.397081321526,1.19766041545
4.92444981262,1.33032083102,-3.10318530718,4.59130868584,0.397081321729,1.19766041581
4.88447931148,1.32878491484,-3.10318530718,4.59130868586,0.397081322034,1.19766041634
4.88447931148,1.32878491484,-3.10318530718,4.59130868587,0.397081322143,1.19766041653
4.86449406091,1.32801695675,-3.10318530718,4.59130868591,0.397081322303,1.19766041678
4.82452355976,1.32648104057,-3.10318530718,4.59130868595,0.397081322598,1.19766041726
4.82452355976,1.32648104057,-3.10318530718,4.5913084143,0.397081429102,1.19810307276
4.80453830919,1.32571308248,-3.10318530718,4.59130172885,0.397083913572,1.22419778416
4.76456780805,1.3241771663,-3.10318530718,4.59129656435,0.397085688179,1.24768208589
4.76456780805,1.3241771663,-3.10318530718,4.59129504892,0.397086185376,1.25596536075
4.72459730691,1.32264125012,-3.10318530718,4.59129200437,0.397087157643,1.26636406618
4.70461205634,1.32187329203,-3.10318530718,4.59129200436,0.397087157733,1.26636406636
4.70461205634,1.32187329203,-3.10318530718,4.59129200436,0.397087157793,1.26636406647
4.6646415552,1.32033737585,-3.10318530718,4.59126816767,0.397093179715,1.34972811957
4.64465630463,1.31956941776,-3.10318530718,4.59125116122,0.397096028222,1.42193228191
4.64465630463,1.31956941776,-3.10318530718,4.5912445831,0.397096771401,1.47279314088
4.60468580349,1.31803350158,-3.10318530718,4.59122177515,0.397098018376,1.54694373704
4.58470055292,1.31726554349,-3.10318530718,4.59120579681,0.397097652227,1.61033432128
4.56471530235,1.3164975854,-3.10318530718,4.59119955751,0.397097240282,1.6441014716
4.56471530235,1.3164975854,-3.10318530718,4.59119955744,0.397097240374,1.64410147171
4.5247448012,1.31496166922,-3.10318530718,4.59119955716,0.397097240667,1.64410147217
4.50475955063,1.31419371113,-3.10318530718,4.59119955702,0.397097240846,1.64410147244
4.48477430006,1.31342575304,-3.10318530718,4.59119955687,0.397097241029,1.64410147271
4.46478904949,1.31265779495,-3.10318530718,4.59119900875,0.39709720088,1.64493542315
4.44480379892,1.31188983686,-3.10318530718,4.59118961321,0.397096323955,1.67204813517
4.44480379892,1.31188983686,-3.10318530718,4.59117937125,0.397094879403,1.71915866789
4.40483329778,1.31035392068,-3.10318530718,4.59116802107,0.397092762136,1.76853654025
4.38484804721,1.30958596259,-3.10318530718,4.59116742637,0.397092642819,1.76945998092
4.36486279664,1.3088180045,-3.10318530718,4.59116742613,0.397092643034,1.76945998125
4.34487754607,1.30805004641,-3.10318530718,4.59116742603,0.397092643147,1.76945998141
4.3248922955,1.30728208832,-3.10318530718,4.59116742589,0.397092643276,1.7694599816
4.3248922955,1.30728208832,-3.10318530718,4.5911674257,0.397092643476,1.7694599819
4.28492179436,1.30574617214,-3.10318530718,4.59116742546,0.397092643732,1.76945998226
4.26493654379,1.30497821405,-3.10318530718,4.59116742528,0.397092643945,1.76945998255
4.24495129322,1.30421025596,-3.10318530718,4.59116591731,0.397092338816,1.77179523601
4.22496604264,1.30344229787,-3.10318530718,4.59113560682,0.397084202697,1.86550112357
4.22496604264,1.30344229787,-3.10318530718,4.59113332265,0.397083420078,1.91517080724
4.1849955415,1.30190638169,-3.10318530718,4.59111470705,0.397076177556,1.97374705106
4.16501029093,1.3011384236,-3.10318530718,4.59109951964,0.397069070588,2.02989262121
4.16501029093,1.3011384236,-3.10318530718,4.59109952053,0.397069071108,2.02989262135
4.12503978979,1.29960250742,-3.10318530718,4.59109952035,0.397069071216,2.02989262153
4.12503978979,1.29960250742,-3.10318530718,4.59109952006,0.397069071374,2.02989262181
4.10505453922,1.29883454933,-3.10318530718,4.59109951982,0.397069071513,2.02989262207
4.06508403808,1.29729863315,-3.10318530718,4.5910797167,0.39705783164,2.1104993432
4.04509878751,1.29653067506,-3.10318530718,4.59106813173,0.397050083075,2.17463098388
4.04509878751,1.29653067506,-3.10318530718,4.59106543749,0.397048214762,2.17961482696
4.02511353694,1.29576271697,-3.10318530718,4.59106543743,0.397048214786,2.179614827
4.00512828637,1.29499475888,-3.10318530718,4.59105227681,0.397038388743,2.22862566911
3.9851430358,1.29422680079,-3.10318530718,4.59104822467,0.397035232439,2.23643041005
3.96515778523,1.2934588427,-3.10318530718,4.59104611261,0.397033567255,2.24051860779
3.92518728408,1.29192292652,-3.10318530718,4.59104611219,0.397033567364,2.24051860809
3.92518728408,1.29192292652,-3.10318530718,4.59104611208,0.397033567406,2.24051860817
3.88521678294,1.29038701033,-3.10318530718,4.59104611158,0.397033567562,2.24051860854
3.88521678294,1.29038701033,-3.10318530718,4.59103652795,0.397025077764,2.30543241252
3.8452462818,1.28885109415,-3.10318530718,4.58558487662,0.402222253218,2.37778741336
3.82526103123,1.28808313606,-3.10318530718,4.55971741361,0.426996024419,2.37778741449
3.82526103123,1.28808313606,-3.10318530718,4.53842802178,0.447385298495,2.37778741492
3.78529053009,1.28654721988,-3.10318530718,4.50884320903,0.475719249904,2.37778741619
3.76530527952,1.28577926179,-3.10318530718,4.50884320868,0.47571925015,2.37778741706
3.74532002895,1.2850113037,-3.10318530718,4.50884320843,0.475719250398,2.37778741741
3.72533477838,1.28424334561,-3.10318530718,4.50884320817,0.475719250667,2.37778741776
3.70534952781,1.28347538752,-3.10318530718,4.50884320799,0.475719250862,2.37778741799
3.70534952781,1.28347538752,-3.10318530718,4.50884317394,0.475719215927,2.37806437498
3.68536427724,1.28270742943,-3.10318530718,4.50883428854,0.475709072346,2.43884832192
3.66537902667,1.28193947134,-3.10318530718,4.50882902031,0.475702772723,2.45132641811
3.62540852552,1.28040355516,-3.10318530718,4.50882442722,0.475695982323,2.54789416388
3.60542327495,1.27963559707,-3.10318530718,4.50882356596,0.475694703831,2.55023518402
3.58543802438,1.27886763898,-3.10318530718,4.50881480689,0.475680241392,2.61628203809
3.56545277381,1.27809968089,-3.10318530718,4.50880846816,0.475668266015,2.67687326922
3.54546752324,1.2773317228,-3.10318530718,4.50880634475,0.475663992264,2.72412138811
3.54546752324,1.2773317228,-3.10318530718,4.50880634459,0.475663992333,2.7241213882
3.52548227267,1.27656376471,-3.10318530718,4.50880634401,0.475663992594,2.72412138858
3.52548227267,1.27656376471,-3.10318530718,4.50880634388,0.475663992657,2.72412138867
3.48551177153,1.27502784853,-3.10318530718,4.50880634376,0.475663992724,2.72412138873
3.46552652096,1.27425989044,-3.10318530718,4.50880634347,0.475663992883,2.72412138891
3.46552652096,1.27425989044,-3.10318530718,4.50880634343,0.47566399291,2.72412138894
3.42555601982,1.27272397426,-3.10318530718,4.50880634301,0.475663993162,2.72412138918
3.40557076925,1.27195601617,-3.10318530718,4.50880634287,0.475663993262,2.72412138925
3.40557076925,1.27195601617,-3.10318530718,4.50880634269,0.475663993394,2.72412138934
3.36560026811,1.27042009999,-3.10318530718,4.50880634244,0.475663993564,2.72412138948
3.34561501754,1.2696521419,-3.10318530718,4.50880634215,0.475663993767,2.72412138963
3.34561501754,1.2696521419,-3.10318530718,4.50880634207,0.475663993835,2.72412138967
3.32562976697,1.26888418381,-3.10318530718,4.50880634185,0.475663993991,2.72412138978
3.28565926582,1.26734826763,-3.10318530718,4.42987555125,0.510673153896,2.72412138949
3.26567401525,1.26658030954,-3.10318530718,4.36297387962,0.540346891835,2.72412138964
3.26567401525,1.26658030954,-3.10318530718,4.36297387953,0.54034689185,2.72412138986
3.24568876468,1.26581235145,-3.10318530718,4.36297387932,0.540346892247,2.72412139006
3.20571826354,1.26427643527,-3.10318530718,4.36297387907,0.540346892653,2.72412139028
3.18573301297,1.26350847718,-3.10318530718,4.36297387886,0.540346893004,2.72412139046
3.18573301297,1.26350847718,-3.10318530718,4.36297387876,0.540346893195,2.72412139055
3.14576251183,1.261972561,-3.10318530718,4.3629738786,0.540346893475,2.72412139067
3.14576251183,1.261972561,-3.10318530718,4.36297387847,0.540346893698,2.72412139077
3.10579201069,1.26043664482,-3.10318530718,4.3629738782,0.540346894167,2.72412139099
3.08580676012,1.25966868673,-3.10318530718,4.36297387799,0.540346894541,2.72412139115
3.06582150955,1.25890072864,-3.10318530718,4.35579025646,0.543533134942,2.72412139124
3.06582150955,1.25890072864,-3.10318530718,4.32429284603,0.557503586056,2.72412139123
3.04583625898,1.25813277055,-3.10318530718,4.26911105879,0.581980565512,2.72413644939
3.02585100841,1.25736481246,-3.10318530718,4.21968214697,0.603907913715,2.72414588447
3.00586575783,1.25659685437,-3.10318530718,4.19952666455,0.612846772746,2.72417841328
2.98588050726,1.25582889628,-3.10318530718,4.19841504685,0.613347313042,2.72418406447
2.96589525669,1.25506093819,-3.10318530718,4.19841833217,0.61334879151,2.72418182538
2.94591000612,1.2542929801,-3.10318530718,4.19843228546,0.613352913731,2.72417816539
2.90593950498,1.25275706392,-3.10318530718,4.19843594131,0.613352854098,2.72418285954
2.90593950498,1.25275706392,-3.10318530718,4.19843671038,0.613352888927,2.72418387115
2.88595425441,1.25198910583,-3.10318530718,4.19843705365,0.613352872734,2.72418443978
2.86596900384,1.25122114774,-3.10318530718,4.19843709007,0.613352875547,2.72418451498
2.8259985027,1.24968523156,-3.10318530718,4.19843714758,0.613352886071,2.72418469395
2.8259985027,1.24968523156,-3.10318530718,4.1984371684,0.613352894211,2.72418479295
2.80601325213,1.24891727347,-3.10318530718,4.1351903662,0.640976770544,2.73410391788
2.78602800156,1.24814931538,-3.10318530718,4.13458657219,0.641236592479,2.73417188786
2.74605750042,1.2466133992,-3.10318530718,4.13458670256,0.641236900556,2.73417029792
2.72607224985,1.24584544111,-3.10318530718,4.13458669549,0.641236909212,2.73417034167
2.70608699927,1.24507748302,-3.10318530718,4.13193884702,0.642388651609,2.73869935957
2.6861017487,1.24430952493,-3.10318530718,4.10423828158,0.652911272828,2.7961545141
2.66611649813,1.24354156684,-3.10318530718,4.07837292954,0.661078875606,2.85347616173
2.64613124756,1.24277360875,-3.10318530718,4.07733488445,0.661389707313,2.85348777396
2.62614599699,1.24200565066,-3.10318530718,4.07387154502,0.66242426949,2.85352574443
2.62614599699,1.24200565066,-3.10318530718,4.03789005511,0.673169213426,2.85393663838
2.60616074642,1.24123769257,-3.10318530718,4.0138791998,0.680295701284,2.85404082107
2.58617549585,1.24046973448,-3.10318530718,3.98130077957,0.689997868973,2.85432777268
2.56619024528,1.23970177639,-3.10318530718,3.98130086962,0.689998256907,2.85432724486
2.52621974414,1.23816586021,-3.10318530718,3.86950958984,0.723265399617,2.85566878122
2.50623449357,1.23739790212,-3.10318530718,3.85117832306,0.728737454516,2.85604440748
2.486249243,1.23662994403,-3.10318530718,3.81839227138,0.738323460493,2.8557875916
2.46626399243,1.23586198594,-3.10318530718,3.81839226117,0.738323509873,2.85578778586
2.44627874186,1.23509402785,-3.10318530718,3.81839227682,0.738323561395,2.85578812134
2.42629349129,1.23432606976,-3.10318530718,3.81839228804,0.73832359657,2.85578833448
2.42629349129,1.23432606976,-3.10318530718,3.81839230299,0.738323622069,2.85578851282
2.38632299014,1.23279015358,-3.10318530718,3.81839234071,0.738323666457,2.85578884966
2.36633773957,1.23202219549,-3.10318530718,3.81839237199,0.738323691238,2.85578905282
2.36633773957,1.23202219549,-3.10318530718,3.81839237742,0.738323695478,2.85578909079
2.32636723843,1.23048627931,-3.10318530718,3.81301967386,0.740022299249,2.86023979847
2.30638198786,1.22971832122,-3.10318530718,3.7830431271,0.748251381721,2.89155177404
2.30638198786,1.22971832122,-3.10318530718,3.78304285976,0.748250461004,2.89155300164
2.28639673729,1.22895036313,-3.10318530718,3.78304298306,0.748250384008,2.89155297932
2.24642623615,1.22741444695,-3.10318530718,3.78113756084,0.748770479494,2.89216354628
2.22644098558,1.22664648886,-3.10318530718,3.74380088663,0.757919480037,2.90811033288
2.20645573501,1.22587853077,-3.10318530718,3.74380143968,0.757919695477,2.90810681816
2.18647048444,1.22511057268,-3.10318530718,3.74049902406,0.758717114654,2.90820106377
2.16648523387,1.22434261459,-3.10318530718,3.71403471568,0.765053264665,2.90840776471
2.1464999833,1.2235746565,-3.10318530718,3.67947752351,0.773344745732,2.90881211715
2.12651473273,1.22280669841,-3.10318530718,3.62504500327,0.786369114166,2.90939786397
2.10652948216,1.22203874032,-3.10318530718,3.575415616,0.798189298864,2.9097360601
2.10652948216,1.22203874032,-3.10318530718,3.57541598254,0.798190094076,2.90973246916
2.06655898101,1.22050282414,-3.10318530718,3.57541629374,0.798190193377,2.90973311494
2.04657373044,1.21973486605,-3.10318530718,3.57541666197,0.79819038815,2.90973425656
2.02658847987,1.21896690796,-3.10318530718,3.5754170622,0.79819064934,2.90973580861
2.0066032293,1.21819894986,-3.10318530718,3.57541783427,0.798191228627,2.90973915788
1.98661797873,1.21743099177,-3.10318530718,3.57289729567,0.798791217274,2.90978150583
1.98661797873,1.21743099177,-3.10318530718,3.51465408767,0.812577597523,2.9099875966
1.94664747759,1.21589507559,-3.10318530718,3.40594445816,0.838331870924,2.910606801
1.92666222702,1.2151271175,-3.10318530718,3.40596388934,0.838337846124,2.91063320398
1.90667697645,1.21435915941,-3.10318530718,3.4059815977,0.838336828821,2.91065796298
1.88669172588,1.21359120132,-3.10318530718,3.40599526702,0.838331191829,2.91066079905
1.88669172588,1.21359120132,-3.10318530718,3.40599594968,0.83833090856,2.91066059711
1.86670647531,1.21282324323,-3.10318530718,3.40599645795,0.838330549934,2.91066008313
1.82673597417,1.21128732705,-3.10318530718,3.3368532026,0.854640728332,2.91093028753
1.8067507236,1.21051936896,-3.10318530718,3.25996418507,0.872717464532,2.91101192584
1.78676547302,1.20975141087,-3.10318530718,3.1754910745,0.892554469991,2.91103291461
1.76678022245,1.20898345278,-3.10318530718,3.1745794376,0.892776013479,2.94526058382
1.74679497188,1.20821549469,-3.10318530718,3.17454016123,0.892861251206,2.98970105733
1.74679497188,1.20821549469,-3.10318530718,3.15913029443,0.895166960131,2.99586001303
1.70682447074,1.20667957851,-3.10318530718,3.13484789906,0.898618918369,3.00447886891
1.70682447074,1.20667957851,-3.10318530718,3.13483776444,0.898638494788,3.01683601083
1.6668539696,1.20514366233,-3.10318530718,3.13482003965,0.898712397015,3.03238831771
1.64686871903,1.20437570424,-3.10318530718,3.13482099445,0.898726075042,3.03290196959
1.64686871903,1.20437570424,-3.10318530718,3.13482350805,0.898725851784,3.03290200019
1.62688346846,1.20360774615,-3.10318530718,3.1348260355,0.898725646123,3.03290206964
1.60689821789,1.20283978806,-3.10318530718,3.13482692794,0.898725567708,3.03290212262
1.56692771675,1.20130387188,-3.10318530718,3.08965917874,0.903657732027,3.0329355456
1.56692771675,1.20130387188,-3.10318530718,3.05920332995,0.906980774381,3.03293938934
1.54694246618,1.20053591379,-3.10318530718,3.05595036102,0.907334719911,3.03293548588
1.52695721561,1.1997679557,-3.10318530718,3.05595090252,0.907334492396,3.03293554611
1.48698671446,1.19823203952,-3.10318530718,3.05594487602,0.907324474418,3.03847545643
1.46700146389,1.19746408143,-3.10318530718,3.05594100463,0.907323780099,3.04374206159
1.44701621332,1.19669612334,-3.10318530718,3.0316001493,0.909610585427,3.0479874325
1.42703096275,1.19592816525,-3.10318530718,2.979555029,0.914493821641,3.0479914391
1.42703096275,1.19592816525,-3.10318530718,2.97805899988,0.91463387126,3.04799085795
1.38706046161,1.19439224907,-3.10318530718,2.97173980532,0.915228138884,3.04800846229
1.36707521104,1.19362429098,-3.10318530718,2.89192252048,0.92272495759,3.04800051018
1.34708996047,1.19285633289,-3.10318530718,2.8049024434,0.930902190286,3.04795552416
1.34708996047,1.19285633289,-3.10318530718,2.72589350028,0.93792005107,3.0535388681
1.3271047099,1.1920883748,-3.10318530718,2.70711669359,0.939578477647,3.05353144992
1.28713420876,1.19055245862,-3.10318530718,2.56850263959,0.951152769044,3.05814620054
1.28713420876,1.19055245862,-3.10318530718,2.49396809634,0.957388375282,3.05815549326
1.24716370762,1.18901654244,-3.10318530718,2.49397672755,0.957387312437,3.05815810569
1.22717845705,1.18824858435,-3.10318530718,2.49397675368,0.957387309428,3.05815810482
1.20719320648,1.18748062626,-3.10318530718,2.49397675649,0.957387311077,3.05815809645
1.20719320648,1.18748062626,-3.10318530718,2.49397675688,0.957387311427,3.05815809477
1.16722270533,1.18594471008,-3.10318530718,2.49397675919,0.95738731348,3.05815808494
1.14723745476,1.18517675199,-3.10318530718,2.49397676036,0.957387314504,3.05815808
1.12725220419,1.1844087939,-3.10318530718,2.4939767611,0.95738731522,3.05815807661
1.12725220419,1.1844087939,-3.10318530718,2.49397676278,0.957387316656,3.05815806962
1.10726695362,1.18364083581,-3.10318530718,2.49397676368,0.957387317454,3.05815806576
1.06729645248,1.18210491963,-3.10318530718,2.49397676507,0.957387318621,3.05815806005
1.06729645248,1.18210491963,-3.10318530718,2.49397676646,0.957387319801,3.05815805428
1.04731120191,1.18133696154,-3.10318530718,2.49397676803,0.957387321124,3.05815804778
1.02732595134,1.18056900345,-3.10318530718,2.49397677008,0.957387322808,3.05815803946
1.00734070077,1.17980104536,-3.10318530718,2.49397677043,0.957387323097,3.05815803803
0.967370199628,1.17826512918,-3.10318530718,2.49397677241,0.957387324775,3.05815802975
0.947384949057,1.17749717109,-3.10318530718,2.49397677354,0.957387325715,3.05815802509
0.927399698487,1.176729213,-3.10318530718,2.48692299748,0.957976237944,3.0581591504
0.927399698487,1.176729213,-3.10318530718,2.47923805097,0.95861930236,3.05815840945
0.887429197345,1.17519329682,-3.10318530718,2.45960579467,0.96023201912,3.06015959337
0.887429197345,1.17519329682,-3.10318530718,2.40378784643,0.963841993533,3.07941893749
0.867443946775,1.17442533873,-3.10318530718,2.38575258082,0.964879783362,3.08279705095
0.827473445633,1.17288942255,-3.10318530718,2.38575258596,0.964879778913,3.08279703308
0.807488195063,1.17212146446,-3.10318530718,2.38575258505,0.964879778572,3.08279703058
0.787502944492,1.17135350637,-3.10318530718,2.38575258426,0.964879778274,3.08279702841
0.767517693921,1.17058554828,-3.10318530718,2.38575258303,0.96487977781,3.08279702506
0.747532443351,1.16981759019,-3.10318530718,2.38033044129,0.965186477633,3.0829044914
0.72754719278,1.1690496321,-3.10318530718,2.30974800483,0.968946847288,3.08817114198
0.707561942209,1.16828167401,-3.10318530718,2.22698787834,0.972970195529,3.09298545893
0.707561942209,1.16828167401,-3.10318530718,2.22698837413,0.972970243471,3.09298801084
0.667591441068,1.16674575783,-3.10318530718,2.22698838014,0.972970283616,3.09298781918
0.647606190497,1.16597779974,-3.10318530718,2.22698838225,0.972970288261,3.09298779345
0.627620939927,1.16520984165,-3.10318530718,2.2269883842,0.972970298681,3.0929877418
0.607635689356,1.16444188356,-3.10318530718,2.18607781277,0.9749666523,3.09294801955
0.607635689356,1.16444188356,-3.10318530718,2.1541527282,0.976520558567,3.09294867159
0.567665188215,1.16290596738,-3.10318530718,2.11498710048,0.978007381473,3.10693456036
0.567665188215,1.16290596738,-3.10318530718,2.09593443231,0.978360396968,3.11985658965
0.527694687073,1.1613700512,-3.10318530718,2.09593625153,0.978360096551,3.11985612172
0.507709436503,1.16060209311,-3.10318530718,2.0959362509,0.978360096038,3.11985612217
0.487724185932,1.15983413502,-3.10318530718,2.09593624938,0.978360094817,3.11985612327
0.487724185932,1.15983413502,-3.10318530718,2.09593624873,0.978360094291,3.11985612375
0.447753684791,1.15829821884,-3.10318530718,2.02760960695,0.979855812016,3.11980701886
0.447753684791,1.15829821884,-3.10318530718,1.9350943322,0.981900693826,3.11970764897
0.42776843422,1.15753026075,-3.10318530718,1.9350967515,0.981900710659,3.11971289952
0.42776843422,1.15753026075,-3.10318530718,1.93509676361,0.981900710525,3.11971289147
0.40778318365,1.15676230266,-3.10318530718,1.93509676287,0.981900710137,3.11971289092
0.367812682508,1.15522638648,-3.10318530718,1.93392719211,0.981906553685,3.11992134722
0.367812682508,1.15522638648,-3.10318530718,1.933925272,0.981734990142,3.1272385668
0.347827431938,1.15445842839,-3.10318530718,1.93392270905,0.981543436758,3.13495050247
0.307856930796,1.15292251221,-3.10318530718,1.89743049857,0.980961794382,-3.12403941708
0.307856930796,1.15292251221,-3.10318530718,1.86347603244,0.979653716393,-3.10101122753
0.267886429655,1.15138659603,-3.10318530718,1.79621143911,0.976682540806,-3.09805489077
0.247901179084,1.15061863794,-3.10318530718,1.72600181115,0.973644452311,-3.09812646399
0.227915928514,1.14985067985,-3.10318530718,1.72600266573,0.973644494923,-3.0981264996
0.227915928514,1.14985067985,-3.10318530718,1.72600270325,0.973644498793,-3.09812651231
0.187945427372,1.14831476367,-3.10318530718,1.72601378311,0.973437233268,-3.083732829
0.187945427372,1.14831476367,-3.10318530718,1.72602013281,0.973298329193,-3.07117634711
0.147974926231,1.14677884749,-3.10318530718,1.70832183351,0.972049956553,-3.07097587491
0.12798967566,1.1460108894,-3.10318530718,1.6814417165,0.970166967293,-3.07105445628
0.12798967566,1.1460108894,-3.10318530718,1.66699113699,0.969151580321,-3.07107886657
0.10800442509,1.14524293131,-3.10318530718,1.64760463174,0.967796527376,-3.07113985967
0.0880191745191,1.14447497321,-3.10318530718,1.5918588729,0.963867600252,-3.07115782878
0.0480486733778,1.14293905703,-3.10318530718,1.47646214319,0.955752798947,-3.07125136035
0.0280634228071,1.14217109894,-3.10318530718,1.4737208323,0.95556016053,-3.07125142958
0.00807817223648,1.14140314085,-3.10318530718,1.47226955717,0.95545926485,-3.07126211579
-0.0119070783342,1.14063518276,-3.10318530718,1.45169859844,0.954023137746,-3.07131830917
-0.0119070783342,1.14063518276,-3.10318530718,1.44190166469,0.953334627197,-3.07132316116
-0.0119070783342,1.14063518276,-3.10318530718,1.43667031391,0.95297344747,-3.07135014879
-0.0119070783342,1.14063518276,-3.10318530718,1.43667031844,0.952971484082,-3.07095115135
-0.0119070783342,1.14063518276,-3.10318530718,1.43667977465,0.952906128126,-3.04388899497
-0.0119070783342,1.14063518276,-3.10318530718,1.43666976981,0.952794823484,-3.00724780795
-0.0119070783342,1.14063518276,-3.10318530718,1.43666216156,0.95279835653,-3.00724300086
-0.0119070783342,1.14063518276,-3.10318530718,1.42687961185,0.951475539754,-3.00726311028
-0.0119070783342,1.14063518276,-3.10318530718,1.34188266495,0.939992200976,-3.0072787023
-0.0119070783342,1.14063518276,-3.10318530718,1.2891772269,0.932871071946,-3.00728244735
-0.0119070783342,1.14063518276,-3.10318530718,1.19328165198,0.91991782115,-3.00729718562
-0.0119070783342,1.14063518276,-3.10318530718,1.1932841447,0.919918241247,-3.00729711949
-0.0119070783342,1.14063518276,-3.10318530718,1.19328416755,0.919918244763,-3.00729712317
-0.0119070783342,1.14063518276,-3.10318530718,1.19328416746,0.919918244582,-3.00729712264
-0.0119070783342,1.14063518276,-3.10318530718,1.19328416461,0.919918243398,-3.00729711993
-0.0119070783342,1.14063518276,-3.10318530718,1.19328416208,0.91991824241,-3.00729711772
-0.0119070783342,1.14063518276,-3.10318530718,1.19328416007,0.919918241627,-3.00729711597
-0.0119070783342,1.14063518276,-3.10318530718,1.19328415678,0.919918240343,-3.00729711311
-0.0119070783342,1.14063518276,-3.10318530718,1.19328415486,0.919918239592,-3.00729711144
-0.0119070783342,1.14063518276,-3.10318530718,1.19328415232,0.919918238601,-3.00729710924
-0.0119070783342,1.14063518276,-3.10318530718,1.19328414976,0.919918237599,-3.00729710702
-0.0119070783342,1.14063518276,-3.10318530718,1.193284147,0.91991823652,-3.00729710462
-0.0119070783342,1.14063518276,-3.10318530718,1.19328414543,0.919918235911,-3.00729710327
-0.0119070783342,1.14063518276,-3.10318530718,1.19328414415,0.91991823541,-3.00729710217
-0.0119070783342,1.14063518276,-3.10318530718,1.19328414214,0.919918234624,-3.00729710043
-0.0119070783342,1.14063518276,-3.10318530718,1.1932841388,0.919918233314,-3.00729709754
-0.0119070783342,1.14063518276,-3.10318530718,1.19328413802,0.919918233008,-3.00729709687
-0.0119070783342,1.14063518276,-3.10318530718,1.1932841347,0.919918231708,-3.00729709401
-0.0119070783342,1.14063518276,-3.10318530718,1.19328413286,0.919918230987,-3.00729709243
-0.0119070783342,1.14063518276,-3.10318530718,1.19328412988,0.919918229817,-3.00729708986
-0.0119070783342,1.14063518276,-3.10318530718,1.19328412871,0.919918229358,-3.00729708886
-0.0119070783342,1.14063518276,-3.10318530718,1.19328412603,0.919918228307,-3.00729708656
-0.0119070783342,1.14063518276,-3.10318530718,1.19328412352,0.919918227322,-3.00729708441
-0.0119070783342,1.14063518276,-3.10318530718,1.19328412079,0.919918226248,-3.00729708207
-0.0119070783342,1.14063518276,-3.10318530718,1.19328411976,0.919918225843,-3.00729708118
-0.0119070783342,1.14063518276,-3.10318530718,1.19328411759,0.919918224988,-3.00729707932
-0.0119070783342,1.14063518276,-3.10318530718,1.1932841143,0.919918223693,-3.00729707651
-0.0119070783342,1.14063518276,-3.10318530718,1.19328411232,0.919918222915,-3.00729707482
-0.0119070783342,1.14063518276,-3.10318530718,1.19328411065,0.919918222257,-3.0072970734
-0.0119070783342,1.14063518276,-3.10318530718,1.19328410964,0.919918221862,-3.00729707254
-0.0119070783342,1.14063518276,-3.10318530718,1.19328410583,0.919918220357,-3.00729706929
-0.0119070783342,1.14063518276,-3.10318530718,1.19328410329,0.919918219356,-3.00729706713
-0.0119070783342,1.14063518276,-3.10318530718,1.19328410184,0.919918218785,-3.0072970659
-0.0119070783342,1.14063518276,-3.10318530718,1.19328409883,0.919918217597,-3.00729706334
-0.0119070783342,1.14063518276,-3.10318530718,1.19328409677,0.919918216782,-3.00729706159
-0.0119070783342,1.14063518276,-3.10318530718,1.19328409404,0.919918215703,-3.00729705927
-0.0119070783342,1.14063518276,-3.10318530718,1.19328409164,0.919918214755,-3.00729705724
-0.0119070783342,1.14063518276,-3.10318530718,1.19328409039,0.91991821426,-3.00729705618
-0.0119070783342,1.14063518276,-3.10318530718,1.19328408808,0.919918213345,-3.00729705423
-0.0119070783342,1.14063518276,-3.10318530718,1.19328408621,0.919918212607,-3.00729705265
-0.0119070783342,1.14063518276,-3.10318530718,1.19328408546,0.91991821231,-3.00729705202
-0.0119070783342,1.14063518276,-3.10318530718,1.19328408273,0.919918211228,-3.00729704971
-0.0119070783342,1.14063518276,-3.10318530718,1.19328407958,0.91991820998,-3.00729704706
-0.0119070783342,1.14063518276,-3.10318530718,1.19328407763,0.919918209207,-3.00729704541
-0.0119070783342,1.14063518276,-3.10318530718,1.19328407551,0.919918208366,-3.00729704363
-0.0119070783342,1.14063518276,-3.10318530718,1.1932840722,0.91991820705,-3.00729704084
-0.0119070783342,1.14063518276,-3.10318530718,1.19328407016,0.919918206243,-3.00729703914
-0.0119070783342,1.14063518276,-3.10318530718,1.19328406807,0.919918205413,-3.00729703738
-0.0119070783342,1.14063518276,-3.10318530718,1.19328406339,0.919918203553,-3.00729703346
-0.0119070783342,1.14063518276,-3.10318530718,1.19328406222,0.919918203088,-3.00729703248
-0.0119070783342,1.14063518276,-3.10318530718,1.19328406011,0.919918202245,-3.00729703071
-0.0119070783342,1.14063518276,-3.10318530718,1.19328405958,0.919918202035,-3.00729703026
-0.0119070783342,1.14063518276,-3.10318530718,1.19328405501,0.919918200216,-3.00729702645
-0.0119070783342,1.14063518276,-3.10318530718,1.19328405384,0.91991819975,-3.00729702547
