2.0,0.0,0.0,0.996478176434,3.55449047066e-08,-2.75506165763e-07
2.02,0.0,0.0,0.997264793004,4.39151325592e-08,-2.75855613084e-07
2.04,0.0,0.0,0.997802419768,2.35648065747e-08,-2.67215188396e-07
2.06,0.0,0.0,0.998343505334,3.18979815332e-08,-2.67733129699e-07
2.08,0.0,0.0,1.00641961885,3.1240617129e-08,-2.3746484147e-07
2.1,0.0,0.0,1.0132272505,1.69492260591e-08,-2.40151726454e-07
2.12,0.0,0.0,1.02645331345,-5.08437890766e-08,-2.5342246947e-07
2.14,0.0,0.0,1.03989368611,-1.12588110982e-07,-2.72081367806e-07
2.16,0.0,0.0,1.05586676775,-1.98104689646e-07,-2.7652593455e-07
2.18,0.0,0.0,1.0688586284,-2.4994586815e-07,-2.79005310389e-07
2.2,0.0,0.0,1.08683371581,-3.50417372976e-07,-2.84090425884e-07
2.22,0.0,0.0,1.10485065896,-4.451120916e-07,-2.32060296926e-07
2.24,0.0,0.0,1.12439252043,-5.01025967778e-07,3.57669572907e-08
2.24,0.0,0.0,1.14353276423,-5.35728488709e-07,-1.95377887919e-07
2.28,0.0,0.0,1.16214646768,-5.95167769698e-07,4.62685645406e-08
2.3,0.0,0.0,1.17816513869,-5.4507025409e-07,-1.02486080749e-07
2.32,0.0,0.0,1.20289058859,-4.51928886863e-07,-4.23092899506e-07
2.34,0.0,0.0,1.21824375842,-4.2838608574e-07,-5.22608857172e-07
2.36,0.0,0.0,1.23573732012,-3.96233749885e-07,-6.47535275028e-07
2.38,0.0,0.0,1.25853307161,-3.49517262654e-07,-8.47277867691e-07
2.4,0.0,0.0,1.2763915094,-3.29213176196e-07,-9.50074717045e-07
2.42,0.0,0.0,1.29738100904,-3.04054723492e-07,-1.09164347685e-06
2.44,0.0,0.0,1.31728589932,-2.9248670694e-07,-1.19805787179e-06
2.46,0.0,0.0,1.33632417262,-2.87066244808e-07,-1.28587767909e-06
2.48,0.0,0.0,1.35716814883,-2.85317799253e-07,-1.38468407711e-06
2.48,0.0,0.0,1.37579529057,-2.92108656233e-07,-1.45167438898e-06
2.5,0.0,0.0,1.3931043257,-3.03105563878e-07,-1.50119219097e-06
2.54,0.0,0.0,1.41536571199,-3.15726391973e-07,-1.58193905018e-06
2.56,0.0,0.0,1.4343278709,-3.3286572499e-07,-1.6316475363e-06
2.56,0.0,0.0,1.45338601266,-3.53809901088e-07,-1.67959587369e-06
2.6,0.0,0.0,1.4893255058,-4.02642999028e-07,-1.74381283388e-06
2.62,0.0,0.0,1.49436651959,-4.07373696195e-07,-1.76385029886e-06
2.64,0.0,0.0,1.51437739654,-4.33238232836e-07,-1.80704262613e-06
2.66,0.0,0.0,1.53502624174,-4.65651473621e-07,-1.85073638876e-06
2.68,0.0,0.0,1.55669979395,-5.03788726909e-07,-1.89165852279e-06
2.68,0.0,0.0,1.57546391582,-5.37931740546e-07,-1.91751444238e-06
2.72,0.0,0.0,1.59591301395,-5.75584918367e-07,-1.95015614826e-06
2.74,0.0,0.0,1.61666727687,-6.15553837389e-07,-1.98234178257e-06
2.76,0.0,0.0,1.6377912635,-6.56883914156e-07,-2.01136908103e-06
2.78,0.0,0.0,1.65615841675,-6.96352353967e-07,-2.03019507707e-06
2.8,0.0,0.0,1.67719754038,-7.40996551849e-07,-2.06017087845e-06
2.82,0.0,0.0,1.69791602052,-7.85258872227e-07,-2.08673264801e-06
2.82,0.0,0.0,1.71706801388,-8.29731617842e-07,-2.10361845223e-06
2.84,0.0,0.0,1.73238193051,-8.56418001158e-07,-2.11899855868e-06
2.86,0.0,0.0,1.74377840276,-8.7952182386e-07,-2.15286029462e-06
2.9,0.0,0.0,1.76499537577,-9.40663289639e-07,-2.14860247191e-06
2.92,0.0,0.0,1.78693190662,-9.6028436554e-07,-2.18004044726e-06
2.92,0.0,0.0,1.80516778164,-9.83507553446e-07,-2.21013049759e-06
2.96,0.0,0.0,1.82931519484,-9.95020471075e-07,-2.43848216142e-06
2.98,0.0,0.0,1.85124605178,-5.33716092259e-07,-2.7843900953e-06
3.0,0.0,0.0,1.87048471463,4.35815387503e-07,-2.75117532088e-06
3.02,0.0,0.0,1.89058914484,1.36596303494e-06,-2.74500845807e-06
3.02,0.0,0.0,1.90997498864,2.12627383436e-06,-2.64373705604e-06
3.04,0.0,0.0,1.92868985728,2.78879282434e-06,-2.77388018229e-06
3.06,0.0,0.0,1.95207545759,3.94151190926e-06,-2.87754842091e-06
3.1,0.0,0.0,1.97361223635,4.92517433445e-06,-2.86901014274e-06
3.1,0.0,0.0,1.99344100169,5.71327656411e-06,-2.84130858177e-06
3.14,0.0,0.0,2.00884269955,6.00527044508e-06,-2.82650110569e-06
3.16,0.0,0.0,2.03056983646,6.74813796004e-06,-2.80187556674e-06
3.16,0.0,0.0,2.05047012079,7.34062601194e-06,-2.78631917664e-06
3.2,0.0,0.0,2.06931962461,7.76004493504e-06,-2.76853075732e-06
3.22,0.0,0.0,2.09001215183,8.32917661413e-06,-2.7511895649e-06
3.22,0.0,0.0,2.11183130551,8.83945585344e-06,-2.73207875184e-06
3.26,0.0,0.0,2.13138890749,9.24088284868e-06,-2.72005197535e-06
3.28,0.0,0.0,2.1537335753,9.73681667709e-06,-2.70378178992e-06
3.3,0.0,0.0,2.17174477027,9.9831158045e-06,-2.69310360992e-06
3.32,0.0,0.0,2.19010882638,1.02471716759e-05,-2.68505024144e-06
3.34,0.0,0.0,2.20929084972,1.05197821182e-05,-2.67598823627e-06
3.34,0.0,0.0,2.22914996819,1.07861395864e-05,-2.6662852957e-06
3.36,0.0,0.0,2.24947802293,1.10390205794e-05,-2.65728616239e-06
3.4,0.0,0.0,2.27319811729,1.13583573937e-05,-2.64531760623e-06
3.4,0.0,0.0,2.28828924342,1.14441253749e-05,-2.64148425897e-06
3.42,0.0,0.0,2.31111444341,1.17237300276e-05,-2.63067881961e-06
3.44,0.0,0.0,2.33431183376,1.19828332034e-05,-2.6202542122e-06
3.46,0.0,0.0,2.35379542594,1.21361111453e-05,-2.61396050549e-06
3.5,0.0,0.0,2.37662562397,1.23181341823e-05,-2.60531184107e-06
3.52,0.0,0.0,2.39430895277,1.24171284617e-05,-2.60135364577e-06
3.52,0.0,0.0,2.41317243624,1.2517405332e-05,-2.59676688227e-06
3.56,0.0,0.0,2.433228692,1.26199862369e-05,-2.59180095155e-06
3.56,0.0,0.0,2.45200103146,1.27027043194e-05,-2.5879972036e-06
3.58,0.0,0.0,2.47465221267,1.27977769401e-05,-2.58246665965e-06
3.62,0.0,0.0,2.49052520392,1.28217483279e-05,-2.58044364956e-06
3.64,0.0,0.0,2.51210011858,1.28883365624e-05,-2.57706412222e-06
3.64,0.0,0.0,2.52913027567,1.29116334843e-05,-2.57526056303e-06
3.68,0.0,0.0,2.55482985755,1.29822870772e-05,-2.57076177787e-06
3.7,0.0,0.0,2.57181435782,1.29889083131e-05,-2.56907021165e-06
3.7,0.0,0.0,2.5866799199,1.29914616211e-05,-2.56858867441e-06
3.74,0.0,0.0,2.61557453276,1.30251230821e-05,-2.56406159782e-06
3.76,0.0,0.0,2.64009605656,1.3043492095e-05,-2.56225689061e-06
3.78,0.0,0.0,2.66264561443,1.30345476897e-05,-2.56058560809e-06
3.78,0.0,0.0,2.67723231505,1.30145306388e-05,-2.55956146574e-06
3.8,0.0,0.0,2.6997297737,1.30338422108e-05,-2.55763649044e-06
3.84,0.0,0.0,2.7162589021,1.30168391639e-05,-2.55650764269e-06
3.86,0.0,0.0,2.73438822274,1.30092230812e-05,-2.55548813689e-06
3.88,0.0,0.0,2.75459031012,1.29966160544e-05,-2.55440534805e-06
3.9,0.0,0.0,2.77563439786,1.29830229901e-05,-2.55333203624e-06
3.9,0.0,0.0,2.79590717433,1.29655223829e-05,-2.5524579147e-06
3.94,0.0,0.0,2.81703511058,1.2943770085e-05,-2.55147858404e-06
3.96,0.0,0.0,2.8355960652,1.29136987221e-05,-2.55097392974e-06
3.98,0.0,0.0,2.85165523505,1.28802282453e-05,-2.55074774666e-06
4.0,0.0,0.0,2.87348059077,1.28500031771e-05,-2.55006879002e-06
4.02,0.0,0.0,2.89295424062,1.28185798075e-05,-2.54960235943e-06
4.04,0.0,0.0,2.91426948633,1.27828042879e-05,-2.54893560783e-06
4.04,0.0,0.0,2.93616018223,1.27488951727e-05,-2.54835814785e-06
4.08,0.0,0.0,2.95506096289,1.27115260943e-05,-2.54792453104e-06
4.1,0.0,0.0,2.97607538908,1.2714971845e-05,-2.54846854336e-06
4.12,0.0,0.0,2.99423734548,1.26937439414e-05,-2.54796952412e-06
4.12,0.0,0.0,3.014283447,1.26278182357e-05,-2.54696496483e-06
4.14,0.0,0.0,3.03772186387,1.25549348939e-05,-2.54677658344e-06
4.16,0.0,0.0,3.05315595438,1.25151543408e-05,-2.54695269927e-06
4.2,0.0,0.0,3.07687558489,1.24585008861e-05,-2.54770207964e-06
4.2,0.0,0.0,3.0972337044,1.24138676616e-05,-2.54847218142e-06
4.24,0.0,0.0,3.11095348571,1.23779569038e-05,-2.54864372478e-06
4.24,0.0,0.0,3.12832706292,1.23354731243e-05,-2.54487413614e-06
4.26,0.0,0.0,3.14589226988,1.22895880389e-05,-2.52599096901e-06
4.3,0.0,0.0,3.17199701897,1.22105332053e-05,-2.52174479984e-06
4.3,0.0,0.0,3.17908406603,1.21862353364e-05,-2.52331881091e-06
4.32,0.0,0.0,3.20203095663,1.21193061601e-05,-2.525801594e-06
4.36,0.0,0.0,3.22163862568,1.20648476402e-05,-2.52714914047e-06
4.38,0.0,0.0,3.24319915374,1.20049139278e-05,-2.52880082171e-06
4.38,0.0,0.0,3.26402551906,1.19467884542e-05,-2.53029330907e-06
4.42,0.0,0.0,3.2901947452,1.18733776113e-05,-2.53256180996e-06
4.44,0.0,0.0,3.31137819638,1.18147722045e-05,-2.53408831837e-06
4.46,0.0,0.0,3.33049413272,1.17630198643e-05,-2.53524646146e-06
4.48,0.0,0.0,3.35553481044,1.16951968462e-05,-2.53695899434e-06
4.5,0.0,0.0,3.37802115631,1.16355163944e-05,-2.53803163712e-06
4.5,0.0,0.0,3.3931758187,1.15952983504e-05,-2.53868520811e-06
4.54,0.0,0.0,3.42093733507,1.15195227151e-05,-2.54087080896e-06
4.56,0.0,0.0,3.43691758031,1.1477635108e-05,-2.5415191468e-06
4.58,0.0,0.0,3.45689666556,1.14248842401e-05,-2.5425867151e-06
4.58,0.0,0.0,3.47347561464,1.13816203718e-05,-2.54322835011e-06
4.62,0.0,0.0,3.49639850388,1.13214382156e-05,-2.54447283402e-06
4.64,0.0,0.0,3.51726810372,1.12670866575e-05,-2.54544330927e-06
4.64,0.0,0.0,3.52167199978,1.12554555999e-05,-2.54583625029e-06
4.66,0.0,0.0,3.55232236502,1.11767364813e-05,-2.546626908e-06
4.7,0.0,0.0,3.57051109049,1.11300191946e-05,-2.54718248698e-06
4.7,0.0,0.0,3.59202322371,1.10747275086e-05,-2.54794404801e-06
4.72,0.0,0.0,3.61178603479,1.10235407936e-05,-2.54852214662e-06
4.74,0.0,0.0,3.63176807958,1.09713290109e-05,-2.54905829912e-06
4.78,0.0,0.0,3.65224455046,1.0917676259e-05,-2.54960167074e-06
4.8,0.0,0.0,3.67430324557,1.08600536595e-05,-2.55015190677e-06
4.82,0.0,0.0,3.69518664805,1.08057718327e-05,-2.55060362011e-06
4.84,0.0,0.0,3.71408389388,1.07568871707e-05,-2.55095014855e-06
4.84,0.0,0.0,3.72987444139,1.07162525751e-05,-2.55115169342e-06
4.88,0.0,0.0,3.75240079502,1.06581361948e-05,-2.55158737163e-06
4.9,0.0,0.0,3.77462397658,1.06010138955e-05,-2.55196663901e-06
4.92,0.0,0.0,3.79284247081,1.05543495426e-05,-2.55219615916e-06
4.94,0.0,0.0,3.81363807342,1.05011941852e-05,-2.55248151039e-06
4.94,0.0,0.0,3.8299398262,1.04595907864e-05,-2.5526216961e-06
4.98,0.0,0.0,3.85269324503,1.04016498204e-05,-2.55290846666e-06
5.0,0.0,0.0,3.87439311116,1.034651876e-05,-2.55314450381e-06
5.0,0.0,0.0,3.89094133213,1.0304450676e-05,-2.553258769e-06
5.04,0.0,0.0,3.91460923336,1.02445645647e-05,-2.55350316536e-06
5.04999887502,0.000149994375063,0.015,3.93801884472,1.01854676284e-05,-2.55371787971e-06
5.05999437536,0.000449949377088,0.03,3.95724125428,1.01369337196e-05,-2.55385462125e-06
5.05999437536,0.000449949377088,0.03,3.97308036579,1.00968420925e-05,-2.55393185135e-06
5.07996625747,0.00149943758226,0.06,3.99239012029,1.00485157584e-05,-2.55410331928e-06
5.08993814565,0.00224873465499,0.075,4.00706532697,1.00116896728e-05,-2.55419571887e-06
5.09989767298,0.00314752014697,0.09,4.02139679054,9.97580806879e-06,-2.55428470276e-06
5.09989767298,0.00314752014697,0.09,4.03606271233,9.93933903787e-06,-2.55438960012e-06
5.10984259861,0.00419559183526,0.105,4.0484782374,9.90859140673e-06,-2.55447670101e-06
5.12967969828,0.00673861701822,0.135,4.06109179592,9.8774556333e-06,-2.55455975302e-06
5.13956740906,0.00823299834295,0.15,4.07091874938,9.85312050637e-06,-2.55461091113e-06
5.13956740906,0.00823299834295,0.15,4.08194786133,9.82599649698e-06,-2.55467150138e-06
5.14943159261,0.00987552165286,0.165,4.09212231194,9.80091841888e-06,-2.55471691225e-06
5.16908050623,0.0136034827367,0.195,4.10590944507,9.7674563891e-06,-2.55478927345e-06
5.17886081538,0.0156880817352,0.21,4.1157138727,9.74344422533e-06,-2.55482427562e-06
5.18860875645,0.0179191453565,0.225,4.12632273596,9.71759408588e-06,-2.55486004774e-06
5.1983221362,0.0202961716208,0.24,4.13676458999,9.69224600285e-06,-2.55489113953e-06
5.1983221362,0.0202961716208,0.24,4.14613631717,9.66937124418e-06,-2.55491185533e-06
5.21763647812,0.025485940074,0.27,4.15696733344,9.64323882935e-06,-2.55493603033e-06
5.22723309465,0.028297514587,0.285,4.16705388853,9.61882394178e-06,-2.55495206794e-06
5.23678645954,0.0312527166536,0.3,4.17599819574,9.59703492193e-06,-2.55496100107e-06
5.24629442333,0.0343508813659,0.315,4.1869836826,9.57067872705e-06,-2.55497014446e-06
5.24629442333,0.0343508813659,0.315,4.19312900383,9.55523811478e-06,-2.55497068846e-06
5.25575484676,0.0375913116498,0.33,4.20274102911,9.5320112622e-06,-2.55497285716e-06
5.27452456952,0.044496020755,0.36,4.21420163311,9.50463984899e-06,-2.5549717185e-06
5.28382964574,0.0481587460459,0.375,4.22391910025,9.48119624351e-06,-2.55496760047e-06
5.28382964574,0.0481587460459,0.375,4.23193908478,9.46160124672e-06,-2.55496380451e-06
5.30226976031,0.0559008178008,0.405,4.24540171204,9.4299112434e-06,-2.55494797461e-06
5.31140064972,0.0599784223314,0.42,4.25136676535,9.4149203769e-06,-2.55494556315e-06
5.32046935014,0.0641925263451,0.435,4.26091588813,9.39199487627e-06,-2.55493329878e-06
5.32046935014,0.0641925263451,0.435,4.27093587901,9.36810613366e-06,-2.55491729959e-06
5.32947382116,0.0685421816862,0.45,4.28033653547,9.34559812327e-06,-2.55490129776e-06
5.33841203682,0.0730264097007,0.465,4.28930468975,9.32417304938e-06,-2.5548838857e-06
5.35608167315,0.0823945179688,0.495,4.29815328584,9.30302343897e-06,-2.55486618313e-06
5.36480911822,0.0872762904376,0.51,4.30703934016,9.28178232531e-06,-2.55484701659e-06
5.37346235764,0.0922884204844,0.525,4.31672370073,9.25882900636e-06,-2.55482277983e-06
5.38203944445,0.0974297804009,0.54,4.32621941829,9.23633810947e-06,-2.55479765456e-06
5.39053844885,0.102699213403,0.555,4.33535823769,9.21463917103e-06,-2.55477315045e-06
5.39053844885,0.102699213403,0.555,4.3427670585,9.1967751331e-06,-2.55475697446e-06
5.39895745861,0.10809553389,0.57,4.35233847115,9.17426784117e-06,-2.55472641188e-06
5.41554793561,0.119263952448,0.6,4.36109937113,9.15353830351e-06,-2.55469978594e-06
5.42371567008,0.12503353767,0.615,4.36876531579,9.13516048333e-06,-2.55467983362e-06
5.42371567008,0.12503353767,0.615,4.37803512491,9.11340813702e-06,-2.5546480306e-06
5.43179594517,0.13092498525,0.63,4.3872489476,9.09179721106e-06,-2.55461575825e-06
5.44768686515,0.143068138155,0.66,4.39579629005,9.07177731282e-06,-2.55458466429e-06
5.44768686515,0.143068138155,0.66,4.40289042902,9.05482782608e-06,-2.55456448526e-06
5.46320639481,0.155682483144,0.69,4.41265386105,9.03229513494e-06,-2.55452277244e-06
5.47082251033,0.16216282144,0.705,4.42069045234,9.01345425446e-06,-2.55449292253e-06
5.47834056762,0.168756668159,0.72,4.42814807472,8.9959194917e-06,-2.55446609988e-06
5.48575887515,0.175462539716,0.735,4.43672856201,8.97608631432e-06,-2.55442930181e-06
5.48575887515,0.175462539716,0.735,4.44402202747,8.95903893402e-06,-2.55440111808e-06
5.50028958742,0.189204297301,0.765,4.45117013052,8.94228802646e-06,-2.55437335754e-06
5.5073987228,0.196237091493,0.78,4.45950857915,8.92314394847e-06,-2.55433503037e-06
5.5073987228,0.196237091493,0.78,4.4659409252,8.90786635281e-06,-2.5543141964e-06
5.51440157046,0.203375727543,0.795,4.47254672001,8.89226111468e-06,-2.55429124935e-06
5.52808212444,0.217964077109,0.825,4.48173763946,8.87146125825e-06,-2.55424423873e-06
5.5347567527,0.225410508309,0.84,4.48598501113,3.42911774887e-05,0.0114561389577
5.5347567527,0.225410508309,0.84,4.49306922191,0.000281592327305,0.042624738955
5.54776720327,0.24059950684,0.87,4.49954652829,0.000690295563635,0.0645103466732
5.54776720327,0.24059950684,0.87,4.50938407136,0.00132580321253,0.0645103464457
5.56031619797,0.256171925808,0.9,4.51661862685,0.00179315651627,0.0645103463488
5.56641410372,0.264097551677,0.915,4.52656643602,0.00243578737592,0.0645103461408
5.56641410372,0.264097551677,0.915,4.53589553301,0.00303844936053,0.0645103459485
5.57239244355,0.272113751085,0.93,4.54347914224,0.00352835191567,0.0645103458346
5.57824987234,0.280218720423,0.945,4.55156823713,0.00418294653134,0.0908924028736
5.58959675273,0.296687654988,0.975,4.56087745719,0.00526266543382,0.127717826552
5.58959675273,0.296687654988,0.975,4.56885197764,0.00628545761588,0.127572779555
5.60044453349,0.313489534441,1.005,4.57831679177,0.00749950609264,0.127572779205
5.605678193,0.322010614661,1.02,4.58230764186,0.00801141244583,0.127572778878
5.605678193,0.322010614661,1.02,4.59403778547,0.00951603210394,0.127572778711
5.61078345233,0.330609238225,1.035,4.60161249345,0.0104876373071,0.127572778457
5.6157591628,0.339283470481,1.05,4.61108708831,0.0117029410638,0.127572778066
5.62531748856,0.356850937832,1.08,4.61764355694,0.0125439371418,0.12757277785
5.62531748856,0.356850937832,1.08,4.62423503849,0.0133894243037,0.127572777642
5.63434456843,0.374697207177,1.11,4.6321836141,0.0145731143327,0.160046798318
5.63434456843,0.374697207177,1.11,4.63828540875,0.0157004849736,0.19005502453
5.6386563336,0.383719883118,1.125,4.64623944517,0.0172306592989,0.190055024145
5.64283227864,0.392806218079,1.14,4.65412389728,0.0187474479664,0.190055023765
5.65077298082,0.411161673651,1.17,4.66192994127,0.0202491531272,0.190055023323
5.65453595134,0.420426664361,1.185,4.66959990153,0.021724678834,0.190055022914
5.65815952888,0.429747055221,1.2,4.67613168604,0.0229812454105,0.190055022577
5.66164289816,0.439120749181,1.215,4.68387612603,0.024471099799,0.190055022115
5.66498527544,0.4485456372,1.23,4.69029240601,0.0257236953302,0.19991820034
5.66498527544,0.4485456372,1.23,4.69692426782,0.027235754108,0.233697640778
5.67124407776,0.467540502135,1.26,4.70340165946,0.0289148622968,0.253552593263
5.67124407776,0.467540502135,1.26,4.70909958918,0.0303913658929,0.253552592804
5.67693030336,0.486714555927,1.29,4.71828829217,0.0327724346619,0.253552591575
5.67693030336,0.486714555927,1.29,4.7225030098,0.0338645928896,0.253552591524
5.68203883502,0.506050543224,1.32,4.72974424379,0.0357410136969,0.253552590691
5.68437500853,0.515773829362,1.335,4.73600989459,0.0373646314089,0.253552590072
5.6865650754,0.525531062941,1.35,4.74236883231,0.0391626323421,0.285446422579
5.6865650754,0.525531062941,1.35,4.7464245924,0.0404416276239,0.309072591091
5.69050495119,0.545138583926,1.38,4.7555728703,0.0434607420916,0.319370908928
5.69225387365,0.554984459723,1.395,4.76204800817,0.0456020159788,0.319370908224
5.69385491677,0.564855460733,1.41,4.7676698003,0.0474610952202,0.319370907786
5.69530772031,0.574749366023,1.425,4.77606151788,0.0502400356204,0.322852028546
5.6966119574,0.584663949504,1.44,4.78173444321,0.0522873182249,0.35373053411
5.69776733458,0.594596980439,1.455,4.7875988348,0.0546130123203,0.385479320719
5.69877359192,0.604546223937,1.47,4.79357801926,0.0571811160184,0.406059506748
5.69877359192,0.604546223937,1.47,4.80117323259,0.0604467131405,0.406059505559
5.69963050299,0.61450944146,1.485,4.80922713179,0.0639095253655,0.406059503805
5.70089554881,0.634468829214,1.515,4.8157412503,0.0667103010287,0.406059502692
5.70130339892,0.644460508666,1.53,4.82147706981,0.0691764437811,0.406059501531
5.70156133358,0.654457181598,1.545,4.82709346259,0.0715912383768,0.406059500473
5.70156133358,0.654457181598,1.545,4.83131719034,0.0734072493165,0.406059500039
5.70162725815,0.674456510447,1.575,4.83807368096,0.0763122348669,0.406059498645
5.70143523322,0.684454666598,1.59,4.84292250461,0.0783970101639,0.406059497525
5.70143523322,0.684454666598,1.59,4.84703079868,0.0801633908502,0.406059496733
5.70060142495,0.704436715147,1.62,4.85181706453,0.082337089951,0.438243421572
5.69995982922,0.714416111667,1.635,4.8560626205,0.0844564455561,0.472022861598
5.69995982922,0.714416111667,1.635,4.86138776543,0.0871750045537,0.472022860404
5.69822797631,0.734340423096,1.665,4.86703290063,0.0900569237219,0.472022859019
5.69713810878,0.744280855118,1.68,4.87232516984,0.0927586998319,0.472022857835
5.69589926298,0.754203821462,1.695,4.87703349495,0.0951623646048,0.472022856733
5.69451171763,0.764107089504,1.71,4.88127225919,0.097441398652,0.502031081498
5.69451171763,0.764107089504,1.71,4.88463898948,0.099390483657,0.528703231585
5.69297578493,0.773988431049,1.725,4.88514233394,0.0996875191363,0.53131407288
5.68946017308,0.793676447042,1.755,4.89511885905,0.105533846515,0.530153696408
5.68946017308,0.793676447042,1.755,4.89968336647,0.108209213624,0.530153695115
5.68535559125,0.813250151557,1.785,4.90512868626,0.111400846539,0.530153693288
5.68535559125,0.813250151557,1.785,4.90847062701,0.113456880893,0.5578411701
5.68066573329,0.832691929581,1.815,4.9134784659,0.116770488844,0.597857620398
5.67810262421,0.842357873499,1.83,4.91827495491,0.120036881082,0.597857618943
5.67539481975,0.851984284824,1.845,4.92324229055,0.123419620402,0.597857617365
5.67539481975,0.851984284824,1.845,4.92755847781,0.126358929685,0.597857616118
5.67254292915,0.861568997655,1.86,4.93191257003,0.129324052161,0.59785761488
5.66954759409,0.871109855471,1.875,4.93564809293,0.131867931578,0.597857613423
5.6664094885,0.88060471162,1.89,4.93936955897,0.134402238349,0.597857612005
5.66312931843,0.890051429799,1.905,4.94233917724,0.136512485448,0.62569013523
5.65970782192,0.899447884535,1.92,4.94514136119,0.1386368998,0.654828079629
5.65614576879,0.908791961668,1.935,4.94923152324,0.141802909679,0.658454247003
5.64860322987,0.927314585865,1.965,4.95349665406,0.145102549449,0.658454245261
5.64860322987,0.927314585865,1.965,4.95588930549,0.146953578922,0.65845424524
5.64462444113,0.936488965418,1.98,4.960298252,0.150364479859,0.658454242929
5.64050848947,0.94560263328,1.995,4.96356891925,0.152968769426,0.682225456906
5.6318688323,0.963639645902,2.025,4.96719300102,0.156069701101,0.718905831924
5.6318688323,0.963639645902,2.025,4.97048129003,0.15896503665,0.721661719241
5.62734707067,0.972558932412,2.04,4.97281655291,0.161020099685,0.721661716749
5.62269203346,0.98140939164,2.055,4.97596622483,0.163791850726,0.721661715615
5.61298635146,0.99889587892,2.085,4.98107843622,0.168290660923,0.721661714163
5.60793789042,1.00752797259,2.1,4.98399695033,0.170858990997,0.721661712563
5.60276052076,1.01608337108,2.115,4.98713840073,0.1736235081,0.721661710757
5.60276052076,1.01608337108,2.115,4.98963016982,0.17592697363,0.755006010086
5.59202374392,1.03295640055,2.145,4.99209238713,0.178367714028,0.789365636984
5.58646675246,1.04127023516,2.16,4.99431575596,0.180703468487,0.810526009616
5.58646675246,1.04127023516,2.16,4.99733014552,0.183873288417,0.810526007957
5.57498181467,1.05764319166,2.19,5.00014384311,0.186832067794,0.810526006792
5.56905645241,1.0656986297,2.205,5.00327153377,0.190121030943,0.810526005241
5.56905645241,1.0656986297,2.205,5.0056356053,0.192607000587,0.810526004108
5.55684660675,1.08153836358,2.235,5.0092721207,0.196431026524,0.810526001152
5.55684660675,1.08153836358,2.235,5.01116342795,0.198500434793,0.836472916932
5.54416713438,1.0970047297,2.265,5.01367955639,0.201441636036,0.873443385218
5.54416713438,1.0970047297,2.265,5.01578364266,0.203955801188,0.873878524748
5.53102944595,1.11208380935,2.295,5.01971048776,0.208647191095,0.873878520989
5.52429244959,1.11947386213,2.31,5.02215690053,0.211569913014,0.873878518665
5.52429244959,1.11947386213,2.31,5.02360089988,0.213295053347,0.873878518371
5.5174453645,1.12676203239,2.325,5.02593623678,0.216085074274,0.873878515483
5.50342711479,1.14102618941,2.355,5.02786660059,0.218391274715,0.87387851334
5.49625910422,1.14799896679,2.37,5.02928027478,0.220167426941,0.905627298645
5.49625910422,1.14799896679,2.37,5.03054715793,0.221868823925,0.936360757141
5.48161337513,1.16161807543,2.4,5.03169370171,0.223508345569,0.965643748449
5.47413895185,1.16826134244,2.415,5.03379930831,0.226554543829,0.965933839909
5.47413895185,1.16826134244,2.415,5.03613781347,0.229937315484,0.965933837884
5.458895396,1.18120782866,2.445,5.03916008999,0.23430919967,0.965933834559
5.45112969317,1.18750813496,2.46,5.04094065069,0.236884875807,0.965933832512
5.44327036291,1.19369125131,2.475,5.04290248135,0.239722769092,0.965933829951
5.43531917354,1.19975578655,2.49,5.04441004784,0.242016498669,0.998117755468
5.43531917354,1.19975578655,2.49,5.04567924234,0.244096932943,1.02928635437
5.41914839367,1.21152368266,2.52,5.047717472,0.24752301611,1.03363775419
5.41093244153,1.21722439581,2.535,5.04955685525,0.250611440921,1.03363775177
5.40263190618,1.22280123299,2.55,5.05089335929,0.252855504449,1.03363774975
5.40263190618,1.22280123299,2.55,5.05216203778,0.254985684935,1.03363774809
5.38578457479,1.23357828849,2.58,5.05348700457,0.257210378593,1.03363774471
5.37724156932,1.23877608203,2.595,5.05434966599,0.258658834754,1.03363774324
5.36862156095,1.24384515056,2.61,5.0554860712,0.260594971879,1.0478523223
5.35992648914,1.24878435354,2.625,5.05577432746,0.261118531307,1.06495138759
5.35115831024,1.25359257969,2.64,5.05677562698,0.263051691153,1.0994560616
5.34231899705,1.25826874718,2.655,5.05773447118,0.265063757065,1.13352559573
5.33341053838,1.26281180387,2.67,5.05928475016,0.268416239126,1.13715176206
5.33341053838,1.26281180387,2.67,5.06058849904,0.271231872859,1.13715176017
5.31539421718,1.27149452642,2.7,5.06209654063,0.274488708674,1.13715175585
5.30629040824,1.27563223869,2.715,5.0631109883,0.276679555621,1.13715175372
5.29712556011,1.27963293347,2.73,5.0642975388,0.279242084258,1.13715175082
5.28790173483,1.28349571061,2.745,5.06499584192,0.280750400565,1.13729679492
5.28790173483,1.28349571061,2.745,5.06524979754,0.281354877733,1.17064109501
5.26928546693,1.29080406677,2.775,5.06547718853,0.281945890799,1.20122950721
5.26928546693,1.29080406677,2.775,5.06584060784,0.282955791833,1.22500072119
5.25989721288,1.29424800144,2.79,5.0666330468,0.285155357326,1.22500071914
5.24097102573,1.30071150979,2.82,5.06780816323,0.288417119237,1.2250007149
5.23143735093,1.30372962921,2.835,5.06869787078,0.290886672722,1.22500071256
5.23143735093,1.30372962921,2.835,5.06919097414,0.292255376568,1.22500071055
5.21223956358,1.30933520335,2.865,5.06967036609,0.293586021865,1.22500070856
5.20257977046,1.31192139685,2.88,5.06988974371,0.294253509152,1.25268818574
5.19288227259,1.31436240794,2.895,5.07015308144,0.295147622899,1.28617753271
5.19288227259,1.31436240794,2.895,5.07083738103,0.297515224511,1.28878837165
5.17338289821,1.31880671883,2.925,5.07151924245,0.299868670024,1.28878836895
5.16358540898,1.32080901868,2.94,5.07199944053,0.301526077051,1.28878836556
5.15375898857,1.32266413644,2.955,5.07230427066,0.302578198396,1.28878836454
5.14390584789,1.32437165473,2.97,5.0725264225,0.303344960569,1.28878836123
5.13402820385,1.32593118936,2.985,5.07269384378,0.303922817913,1.28878835936
5.13402820385,1.32593118936,2.985,5.07279050866,0.30426709974,1.2932848082
5.11420830043,1.32860493746,3.015,5.07279273533,0.304321070734,1.32982013646
5.11420830043,1.32860493746,3.015,5.07296431099,0.305019238929,1.32982013538
5.10427050044,1.32971854935,3.03,5.0732282775,0.306093365306,1.32982013198
5.08435038323,1.33149799606,3.06,5.07328524607,0.306388260832,1.36345452549
5.08435038323,1.33149799606,3.06,5.07332485871,0.306628418639,1.39186723663
5.064385854,1.33267912821,3.09,5.0735847004,0.308099916817,1.39476817035
5.064385854,1.33267912821,3.09,5.07369758829,0.308734589987,1.39476816841
5.04439487949,1.33326088284,3.12,5.07405075272,0.310720125741,1.39476816613
5.03439509681,1.3333268089,3.135,5.07422148176,0.311679989112,1.39476816406
5.02439545022,1.33324273643,-3.13318530718,5.07424939591,0.311873483149,1.42361601455
5.01439818961,1.33300868434,-3.11818530718,5.07425429995,0.311979420473,1.45609003459
5.00440556433,1.33262470529,-3.10318530718,5.07442901344,0.313523875763,1.45754049937
4.99441982266,1.33209088568,-3.08818530718,5.07461107116,0.315124500053,1.45754049626
4.99441982266,1.33209088568,-3.08818530718,5.07465849222,0.315541419167,1.45754049537
4.954476856,1.32995560726,-3.08818530718,5.07473727143,0.316234042137,1.45754049211
4.954476856,1.32995560726,-3.08818530718,5.07478373989,0.316667105971,1.46174684677
4.91453388933,1.32782032883,-3.08818530718,5.07477317877,0.316668037175,1.49784703542
4.91453388933,1.32782032883,-3.08818530718,5.07476697906,0.316668368441,1.52727507397
4.87459092267,1.3256850504,-3.08818530718,5.07475932968,0.316668668821,1.54249423298
4.85461943933,1.32461741119,-3.08818530718,5.07484838468,0.333011347928,1.57366273672
4.834647956,1.32354977198,-3.08818530718,5.07482193969,0.334788549629,1.60410602251
4.834647956,1.32354977198,-3.08818530718,5.07482194361,0.334788546156,1.60410602143
4.81467647267,1.32248213276,-3.08818530718,5.07482194551,0.334788541073,1.60410603254
4.774733506,1.32034685434,-3.08818530718,5.07482194588,0.334788538119,1.6041060423
4.774733506,1.32034685434,-3.08818530718,5.07481581257,0.334788151423,1.63353401226
4.75476202267,1.31927921512,-3.08818530718,5.07475238493,0.335316192119,1.67064939549
4.73479053934,1.31821157591,-3.08818530718,5.07469947185,0.335691634457,1.70123772269
4.69484757267,1.31607629748,-3.08818530718,5.0741476483,0.339189713882,1.73487200333
4.69484757267,1.31607629748,-3.08818530718,5.07356105519,0.342279415809,1.76531528094
4.67487608934,1.31500865827,-3.08818530718,5.0725885026,0.346685005307,1.79068187555
4.63493312267,1.31287337984,-3.08818530718,5.07172542823,0.350546596028,1.79068182843
4.61496163934,1.31180574063,-3.08818530718,5.07025506095,0.357125260783,1.79068169555
4.61496163934,1.31180574063,-3.08818530718,5.06904319104,0.362547393921,1.79068161242
4.59499015601,1.31073810142,-3.08818530718,5.06797720005,0.366909484393,1.8189492036
4.57501867268,1.3096704622,-3.08818530718,5.06673249371,0.371384300345,1.85040781762
4.53507570601,1.30753518378,-3.08818530718,5.06419971001,0.379426380249,1.88636285332
4.51510422268,1.30646754456,-3.08818530718,5.06150142782,0.387070746817,1.91970706749
4.49513273934,1.30539990535,-3.08818530718,5.05868586271,0.394773458154,1.92115745955
4.49513273934,1.30539990535,-3.08818530718,5.05593193774,0.402309287963,1.92115739351
4.47516125601,1.30433226613,-3.08818530718,5.05289069506,0.410110726801,1.95348628717
4.43521828935,1.30219698771,-3.08818530718,5.0496745888,0.4175797916,1.98755574946
4.43521828935,1.30219698771,-3.08818530718,5.04633005854,0.425122082626,1.98813590133
4.41524680601,1.30112934849,-3.08818530718,5.0423262907,0.434151870921,1.98813597147
4.37530383935,1.29899407007,-3.08818530718,5.03881543196,0.442028607382,1.99654866588
4.35533235602,1.29792643085,-3.08818530718,5.03395620569,0.452056683611,2.03627494943
4.33536087268,1.29685879164,-3.08818530718,5.03002431204,0.459489828603,2.0614966137
4.31538938935,1.29579115243,-3.08818530718,5.02452246202,0.469263823728,2.09353545452
4.29541790602,1.29472351321,-3.08818530718,5.02002257633,0.477056815731,2.09440576465
4.27544642268,1.293655874,-3.08818530718,5.01346156641,0.488414758268,2.09687162903
4.27544642268,1.293655874,-3.08818530718,5.0086723421,0.496261603236,2.12470413512
4.25547493935,1.29258823479,-3.08818530718,5.00279789508,0.505293812222,2.15630785319
4.23550345602,1.29152059557,-3.08818530718,4.99612267738,0.514870855676,2.19008727039
4.21553197269,1.29045295636,-3.08818530718,4.98739226677,0.526528245478,2.22285136833
4.19556048935,1.28938531715,-3.08818530718,4.97924207475,0.537167890158,2.22444691827
4.17558900602,1.28831767793,-3.08818530718,4.97175066217,0.546947970608,2.22444695181
4.13564603936,1.28618239951,-3.08818530718,4.96206387491,0.55959408832,2.22444701342
4.13564603936,1.28618239951,-3.08818530718,4.95494866493,0.568883042223,2.22444704312
4.11567455602,1.28511476029,-3.08818530718,4.94640481416,0.579540192037,2.2573561914
4.09570307269,1.28404712108,-3.08818530718,4.93930987619,0.587818263193,2.28576889194
4.05576010602,1.28191184265,-3.08818530718,4.92685533712,0.602071718968,2.28895995808
4.05576010602,1.28191184265,-3.08818530718,4.91969901578,0.610261360499,2.28895996994
4.01581713936,1.27977656423,-3.08818530718,4.90958815393,0.621418319028,2.31969342381
3.99584565603,1.27870892501,-3.08818530718,4.90110083529,0.630153136408,2.34854126214
3.99584565603,1.27870892501,-3.08818530718,4.88960777819,0.641823439097,2.34854128467
3.95590268936,1.27657364659,-3.08818530718,4.87911660362,0.652476410182,2.34854130122
3.93593120603,1.27550600737,-3.08818530718,4.86855903344,0.663166656533,2.35622877007
3.93593120603,1.27550600737,-3.08818530718,4.86494842312,0.66673616004,2.36536669756
3.89598823936,1.27337072895,-3.08818530718,4.84620564266,0.684383936675,2.38594689765
3.87601675603,1.27230308973,-3.08818530718,4.83588254888,0.694110309542,2.38594690482
3.8560452727,1.27123545052,-3.08818530718,4.82560178835,0.703747451657,2.39537495197
3.83607378936,1.27016781131,-3.08818530718,4.80953214892,0.717886181637,2.43278057279
3.81610230603,1.26910017209,-3.08818530718,4.80143980415,0.724540441368,2.4558265501
3.81610230603,1.26910017209,-3.08818530718,4.78735084916,0.735529432459,2.49120147849
3.77615933937,1.26696489367,-3.08818530718,4.77537510982,0.744533221909,2.49743847411
3.75618785603,1.26589725445,-3.08818530718,4.76251157672,0.754193970358,2.49743846684
3.7362163727,1.26482961524,-3.08818530718,4.74569258863,0.766825313891,2.49743844876
3.71624488937,1.26376197602,-3.08818530718,4.73412372664,0.775513741204,2.49743843897
3.69627340603,1.26269433681,-3.08818530718,4.72133777881,0.784804829821,2.52251504445
3.6763019227,1.2616266976,-3.08818530718,4.70684131692,0.794635561823,2.55614936996
3.65633043937,1.26055905838,-3.08818530718,4.6878489913,0.807218816156,2.55643940349
3.65633043937,1.26055905838,-3.08818530718,4.67742779834,0.814123454193,2.55643938926
3.6163874727,1.25842377996,-3.08818530718,4.66290744755,0.823743977813,2.55643934055
3.6163874727,1.25842377996,-3.08818530718,4.64824054002,0.833461597345,2.55643927866
3.59641598937,1.25735614074,-3.08818530718,4.63246479789,0.843496528651,2.58615725073
3.55647302271,1.25522086232,-3.08818530718,4.61401755761,0.854323957903,2.6241427876
3.55647302271,1.25522086232,-3.08818530718,4.59778874975,0.863560969804,2.62414263176
3.53650153937,1.2541532231,-3.08818530718,4.59215593005,0.866766968105,2.62414248551
3.49655857271,1.25201794468,-3.08818530718,4.57161364418,0.878459270511,2.62414238652
3.49655857271,1.25201794468,-3.08818530718,4.55530238073,0.887743163585,2.62414203269
3.47658708937,1.25095030546,-3.08818530718,4.54188768172,0.89496911242,2.65226425065
3.45661560604,1.24988266625,-3.08818530718,4.52556319856,0.903208938692,2.68314206614
3.43664412271,1.24881502704,-3.08818530718,4.50574294401,0.912872314278,2.68821751509
3.39670115604,1.24667974861,-3.08818530718,4.48503194197,0.922962784946,2.68821539586
3.37672967271,1.2456121094,-3.08818530718,4.46755923959,0.931475568183,2.68821218972
3.37672967271,1.2456121094,-3.08818530718,4.45069787864,0.939690950889,2.6882070855
3.33678670605,1.24347683097,-3.08818530718,4.43292633702,0.948350539293,2.68819654704
3.31681522271,1.24240919176,-3.08818530718,4.42003276515,0.954633794834,2.68818786836
3.31681522271,1.24240919176,-3.08818530718,4.40451129764,0.962180853243,2.69454024661
3.27687225605,1.24027391333,-3.08818530718,4.39302924306,0.967560486424,2.71271077764
3.25690077271,1.23920627412,-3.08818530718,4.36533739954,0.979075194082,2.763605783
3.23692928938,1.2381386349,-3.08818530718,4.33430865776,0.990507583285,2.7942787621
3.23692928938,1.2381386349,-3.08818530718,4.3320506507,0.991321754875,2.7942548382
3.21695780605,1.23707099569,-3.08818530718,4.31257266115,0.998356039172,2.79415072914
3.17701483938,1.23493571726,-3.08818530718,4.28999253822,1.00649174974,2.79395193308
3.17701483938,1.23493571726,-3.08818530718,4.27200302728,1.01297419451,2.79378457221
3.13707187272,1.23280043884,-3.08818530718,4.24846217859,1.02146043059,2.79356336946
3.13707187272,1.23280043884,-3.08818530718,4.23322839703,1.02697885094,2.79353067633
3.09712890605,1.23066516041,-3.08818530718,4.21613712652,1.03317144413,2.79350356688
3.07715742272,1.2295975212,-3.08818530718,4.19611447477,1.04043299785,2.7935055978
3.07715742272,1.2295975212,-3.08818530718,4.18001034709,1.04627464676,2.79350321459
3.03721445605,1.22746224277,-3.08818530718,4.16160865515,1.0529521933,2.79350251851
3.01724297272,1.22639460356,-3.08818530718,4.1427795206,1.05945889921,2.8235432951
3.01724297272,1.22639460356,-3.08818530718,4.12700782246,1.06431058236,2.8502310901
2.99727148939,1.22532696434,-3.08818530718,4.10842167087,1.06984738196,2.85114732791
2.95732852272,1.22319168591,-3.08818530718,4.09255707267,1.07458948424,2.85114759828
2.93735703939,1.2221240467,-3.08818530718,4.07387547659,1.08017357065,2.85114702462
2.91738555606,1.22105640749,-3.08818530718,4.05507065209,1.08579427493,2.85114663912
2.89741407273,1.21998876827,-3.08818530718,4.0362927652,1.09140695597,2.85114641312
2.89741407273,1.21998876827,-3.08818530718,4.0162871843,1.09738663891,2.85114596429
2.85747110606,1.21785348985,-3.08818530718,4.00021704818,1.10168884484,2.87717923576
2.83749962273,1.21678585063,-3.08818530718,3.980083953,1.10648119179,2.9066213254
2.83749962273,1.21678585063,-3.08818530718,3.96178022992,1.11083606898,2.90730208317
2.79755665606,1.21465057221,-3.08818530718,3.93813042456,1.11648072638,2.90730178877
2.77758517273,1.21358293299,-3.08818530718,3.91763486466,1.12137249053,2.90730188363
2.77758517273,1.21358293299,-3.08818530718,3.89829323007,1.12598889215,2.90730176006
2.7576136894,1.21251529378,-3.08818530718,3.87669559782,1.13114375402,2.90730178674
2.73764220606,1.21144765457,-3.08818530718,3.85616291182,1.13604460744,2.9073003492
2.6976992394,1.20931237614,-3.08818530718,3.83340637161,1.14147572409,2.90730418003
2.67772775607,1.20824473693,-3.08818530718,3.82029418379,1.14460529617,2.90730392937
2.67772775607,1.20824473693,-3.08818530718,3.79591794104,1.14992805138,2.93260272259
2.6377847894,1.2061094585,-3.08818530718,3.7717133996,1.15425223231,2.96480208598
2.61781330607,1.20504181929,-3.08818530718,3.75198127414,1.15765260179,2.96779929855
2.61781330607,1.20504181929,-3.08818530718,3.73513036569,1.16061096779,2.96780242571
2.59784182273,1.20397418007,-3.08818530718,3.71252166081,1.16458032121,2.96780836323
2.5778703394,1.20290654086,-3.08818530718,3.69942219234,1.16687997835,2.96780933167
2.53792737274,1.20077126243,-3.08818530718,3.67824615246,1.17059852799,2.96781438515
2.5179558894,1.19970362322,-3.08818530718,3.6592770167,1.17392879574,2.96781540862
2.5179558894,1.19970362322,-3.08818530718,3.63978155452,1.17735154346,2.96781558875
2.49798440607,1.19863598401,-3.08818530718,3.63073692563,1.17893972285,2.96781536017
2.47801292274,1.19756834479,-3.08818530718,3.60327077287,1.18376155295,2.96781520785
2.4580414394,1.19650070558,-3.08818530718,3.58339373986,1.18725182351,2.96781082384
2.41809847274,1.19436542715,-3.08818530718,3.56041050993,1.19128790169,2.96780510979
2.39812698941,1.19329778794,-3.08818530718,3.537938612,1.19523039136,2.96781495543
2.39812698941,1.19329778794,-3.08818530718,3.51766417718,1.19878346613,2.96784052617
2.35818402274,1.19116250951,-3.08818530718,3.50095108422,1.20171361191,2.9678553691
2.35818402274,1.19116250951,-3.08818530718,3.48321811815,1.20445105976,2.99568909265
2.31824105608,1.18902723109,-3.08818530718,3.46363744775,1.20687201368,3.02809705808
2.31824105608,1.18902723109,-3.08818530718,3.44226613372,1.20922540975,3.0319667819
2.29826957274,1.18795959187,-3.08818530718,3.4349926603,1.21002543727,3.0319757914
2.25832660608,1.18582431345,-3.08818530718,3.40063826343,1.21380717888,3.0319912594
2.25832660608,1.18582431345,-3.08818530718,3.38445095684,1.2155903577,3.03200375723
2.21838363941,1.18368903502,-3.08818530718,3.35600880089,1.21874997613,3.03215658758
2.21838363941,1.18368903502,-3.08818530718,3.34221347726,1.2202691878,3.03217207867
2.17844067275,1.18155375659,-3.08818530718,3.31712873885,1.22302752282,3.03218059803
2.15846918941,1.18048611738,-3.08818530718,3.29183598425,1.22580731929,3.03219010704
2.15846918941,1.18048611738,-3.08818530718,3.27304513591,1.22787157252,3.03218169055
2.11852622275,1.17835083895,-3.08818530718,3.25345971993,1.23002284297,3.03218197048
2.09855473942,1.17728319974,-3.08818530718,3.23300466538,1.23226963068,3.03218200367
2.07858325608,1.17621556052,-3.08818530718,3.21775466824,1.23394475666,3.03218218659
2.05861177275,1.17514792131,-3.08818530718,3.19692940042,1.23623217616,3.03218277778
2.05861177275,1.17514792131,-3.08818530718,3.17610271626,1.23851975127,3.03218276047
2.01866880608,1.17301264288,-3.08818530718,3.15856749795,1.24044577676,3.03218282417
2.01866880608,1.17301264288,-3.08818530718,3.13965119265,1.24252359136,3.03218305471
1.97872583942,1.17087736446,-3.08818530718,3.11789953375,1.24491282884,3.03218299846
1.95875435609,1.16980972524,-3.08818530718,3.09693883279,1.24721513719,3.03218347517
1.95875435609,1.16980972524,-3.08818530718,3.08164217254,1.24889536146,3.03218367581
1.91881138942,1.16767444682,-3.08818530718,3.0615507159,1.25110221043,3.03218398229
1.91881138942,1.16767444682,-3.08818530718,3.04786045353,1.25238129198,3.05421920179
1.87886842276,1.16553916839,-3.08818530718,3.02333222751,1.25417300884,3.09134258468
1.85889693942,1.16447152918,-3.08818530718,3.00110935506,1.25526688684,3.09381310881
1.83892545609,1.16340388996,-3.08818530718,2.97811007498,1.25636821161,3.09382100666
1.83892545609,1.16340388996,-3.08818530718,2.96527828281,1.2569828304,3.09382656272
1.81895397276,1.16233625075,-3.08818530718,2.94610063647,1.25790266717,3.09384023027
1.77901100609,1.16020097232,-3.08818530718,2.92798189959,1.25877073817,3.09384895397
1.75903952276,1.15913333311,-3.08818530718,2.90742043326,1.25975486314,3.09385528633
1.75903952276,1.15913333311,-3.08818530718,2.88227579091,1.26095730835,3.09385852871
1.71909655609,1.15699805468,-3.08818530718,2.85301061307,1.26235592721,3.09385959035
1.69912507276,1.15593041547,-3.08818530718,2.83550745045,1.26319222646,3.09385941958
1.67915358943,1.15486277626,-3.08818530718,2.81665380649,1.26409297507,3.09385885916
1.67915358943,1.15486277626,-3.08818530718,2.79753201471,1.26500663267,3.09385830178
1.6591821061,1.15379513704,-3.08818530718,2.77570265343,1.26604954375,3.09385754351
1.61923913943,1.15165985862,-3.08818530718,2.75170066326,1.26719625962,3.09385653025
1.61923913943,1.15165985862,-3.08818530718,2.73245274894,1.26811582598,3.09385583111
1.5992676561,1.1505922194,-3.08818530718,2.71818062139,1.26879760258,3.09385552494
1.55932468943,1.14845694098,-3.08818530718,2.69916452937,1.26970622249,3.0938547551
1.55932468943,1.14845694098,-3.08818530718,2.68066590303,1.27058998519,3.09385403037
1.51938172277,1.14632166255,-3.08818530718,2.65585259368,1.27177544952,3.09385255461
1.49941023943,1.14525402333,-3.08818530718,2.63385967423,1.27282613975,3.09385131831
1.49941023943,1.14525402333,-3.08818530718,2.61010311423,1.27396109106,3.0938498069
1.4794387561,1.14418638412,-3.08818530718,2.59631476413,1.27461983714,3.0938494869
1.45946727277,1.14311874491,-3.08818530718,2.57608534618,1.27558625957,3.09384820348
1.43949578944,1.14205110569,-3.08818530718,2.55669027135,1.27651292374,3.09384710133
1.39955282277,1.13991582727,-3.08818530718,2.53493754752,1.27755219457,3.09384561427
1.37958133944,1.13884818805,-3.08818530718,2.51373532373,1.27856518694,3.09384413034
1.3596098561,1.13778054884,-3.08818530718,2.49309181031,1.2795515097,3.09384267657
1.3596098561,1.13778054884,-3.08818530718,2.47397810156,1.28046483449,3.09384165367
1.33963837277,1.13671290963,-3.08818530718,2.44115967219,1.28203283173,3.09383824278
1.29969540611,1.1345776312,-3.08818530718,2.42944322088,1.28259279472,3.09383840471
1.27972392277,1.13350999199,-3.08818530718,2.41096657035,1.28347567084,3.09383703826
1.25975243944,1.13244235277,-3.08818530718,2.39138238029,1.28403075601,3.12424800224
1.23978095611,1.13137471356,-3.08818530718,2.37521164552,1.28398102065,-3.1309825159
1.23978095611,1.13137471356,-3.08818530718,2.35551170418,1.2837055059,-3.12736659829
1.19983798944,1.12923943513,-3.08818530718,2.33681243261,1.28343940129,-3.12736766429
1.17986650611,1.12817179592,-3.08818530718,2.31463746812,1.28312385747,-3.12736898663
1.15989502278,1.12710415671,-3.08818530718,2.291808151,1.28279901816,-3.12737054245
1.15989502278,1.12710415671,-3.08818530718,2.27621885764,1.28257727697,-3.12737107167
1.11995205611,1.12496887828,-3.08818530718,2.24944842512,1.28219645098,-3.12737284811
1.09998057278,1.12390123907,-3.08818530718,2.23379039296,1.2819737676,-3.12737327676
1.09998057278,1.12390123907,-3.08818530718,2.21236045434,1.28166905477,-3.12737434516
1.06003760611,1.12176596064,-3.08818530718,2.18970561285,1.28134700428,-3.12737585186
1.04006612278,1.12069832143,-3.08818530718,2.16727688697,1.28102823934,-3.12737755776
1.02009463945,1.11963068221,-3.08818530718,2.14772122949,1.28075033227,-3.12737890943
1.00012315611,1.118563043,-3.08818530718,2.12657929285,1.2804499342,-3.12738043058
0.980151672782,1.11749540379,-3.08818530718,2.10444718952,1.28013553685,-3.12738223646
0.960180189449,1.11642776457,-3.08818530718,2.08224790773,1.27982025814,-3.12738406267
0.940208706117,1.11536012536,-3.08818530718,2.06371779978,1.27955710458,-3.1273853409
0.920237222784,1.11429248615,-3.08818530718,2.04451800747,1.2792844833,-3.12738670388
0.900265739451,1.11322484693,-3.08818530718,2.02165251923,1.27895994059,-3.12738886148
0.900265739451,1.11322484693,-3.08818530718,2.00891128202,1.27877900961,-3.12738925165
0.880294256118,1.11215720772,-3.08818530718,1.98193605052,1.27839632319,-3.1273922601
0.860322772786,1.11108956851,-3.08818530718,1.96701624454,1.27818457615,-3.12739306573
0.840351289453,1.11002192929,-3.08818530718,1.94964792018,1.27793815752,-3.12739433199
0.800408322787,1.10788665087,-3.08818530718,1.93129270883,1.27767781516,-3.12739582021
0.800408322787,1.10788665087,-3.08818530718,1.91206736733,1.27740519523,-3.12739749041
0.780436839455,1.10681901165,-3.08818530718,1.88913812858,1.27708026871,-3.12740022995
0.740493872789,1.10468373322,-3.08818530718,1.86457911602,1.27673245428,-3.12740368351
0.740493872789,1.10468373322,-3.08818530718,1.84841946378,1.27650346934,-3.12740516842
0.720522389456,1.10361609401,-3.08818530718,1.82917299478,1.27623102897,-3.1274077124
0.700550906124,1.1025484548,-3.08818530718,1.80739442637,1.27592294966,-3.12741120419
0.680579422791,1.10148081558,-3.08818530718,1.78441354104,1.27559796761,-3.12741468502
0.640636456125,1.09934553716,-3.08818530718,1.76118221857,1.27526946851,-3.12741781349
0.620664972793,1.09827789794,-3.08818530718,1.74063704481,1.27497881085,-3.12742030384
0.620664972793,1.09827789794,-3.08818530718,1.72729426639,1.2747898484,-3.1274209607
0.60069348946,1.09721025873,-3.08818530718,1.70463346757,1.27446929359,-3.12742368072
0.560750522795,1.0950749803,-3.08818530718,1.68319805262,1.27416604542,-3.1274257936
0.540779039462,1.09400734109,-3.08818530718,1.66655569774,1.27393052483,-3.1274269192
0.540779039462,1.09400734109,-3.08818530718,1.65031821555,1.27370072429,-3.12742789924
0.500836072796,1.09187206266,-3.08818530718,1.62809783931,1.27338554995,-3.127426581
0.500836072796,1.09187206266,-3.08818530718,1.60585086006,1.27306954742,-3.12742377094
0.480864589464,1.09080442345,-3.08818530718,1.60122752386,1.2730037679,-3.12742268987
0.460893106131,1.08973678424,-3.08818530718,1.56526373814,1.27249331335,-3.12741977687
0.440921622798,1.08866914502,-3.08818530718,1.55135938282,1.27229606863,-3.12741923465
0.400978656133,1.0865338666,-3.08818530718,1.5299491897,1.27199214927,-3.12741762335
0.3810071728,1.08546622738,-3.08818530718,1.50832502212,1.2716851968,-3.1274161626
0.3810071728,1.08546622738,-3.08818530718,1.4904923025,1.27143212662,-3.1274152401
0.341064206134,1.08333094896,-3.08818530718,1.46909620783,1.27112837871,-3.12741378048
0.321092722802,1.08226330974,-3.08818530718,1.44515086612,1.27078837303,-3.12741207464
0.321092722802,1.08226330974,-3.08818530718,1.42665991205,1.27052592064,-3.127411257
0.281149756136,1.08012803132,-3.08818530718,1.40751608379,1.2702541769,-3.12741041981
0.261178272803,1.0790603921,-3.08818530718,1.38008879621,1.26986479488,-3.1274091179
0.261178272803,1.0790603921,-3.08818530718,1.36512083137,1.26965244826,-3.12740895164
0.221235306138,1.07692511368,-3.08818530718,1.34284575925,1.26933621661,-3.12740793346
0.201263822805,1.07585747446,-3.08818530718,1.32270724524,1.26905031964,-3.1274071514
0.181292339472,1.07478983525,-3.08818530718,1.30494714313,1.2687982284,-3.12740662294
0.181292339472,1.07478983525,-3.08818530718,1.28386157033,1.26849888273,-3.12740589589
0.16132085614,1.07372219604,-3.08818530718,1.26353599541,1.26821034708,-3.12740527667
0.141349372807,1.07265455682,-3.08818530718,1.24503713139,1.26794775428,-3.12740481738
0.101406406141,1.0705192784,-3.08818530718,1.2295438093,1.26772786659,-3.12740457326
0.0814349228087,1.06945163918,-3.08818530718,1.20791390343,1.26742079673,-3.12740402793
0.0814349228087,1.06945163918,-3.08818530718,1.18892961285,1.26715132539,-3.12740366245
0.061463439476,1.06838399997,-3.08818530718,1.16748331923,1.26684689409,-3.12740321604
0.0414919561432,1.06731636076,-3.08818530718,1.15604597727,1.26668446614,-3.12740274702
0.0215204728105,1.06624872154,-3.08818530718,1.13682638995,1.26641164961,-3.12740242724
-0.018422493855,1.06411344311,-3.08818530718,1.11516250166,1.26610413315,-3.12740212704
-0.018422493855,1.06411344311,-3.08818530718,1.09497477798,1.26581757714,-3.12740188957
-0.018422493855,1.06411344311,-3.08818530718,1.07276878263,1.26550236544,-3.12740159429
-0.018422493855,1.06411344311,-3.08818530718,1.05295562159,1.26522111652,-3.12740138503
-0.018422493855,1.06411344311,-3.08818530718,1.03879827412,1.2650201312,-3.12740115315
-0.018422493855,1.06411344311,-3.08818530718,1.02471172823,1.26482015817,-3.12740093671
-0.018422493855,1.06411344311,-3.08818530718,1.01596875139,1.26469601397,-3.12740075015
-0.018422493855,1.06411344311,-3.08818530718,1.0092884986,1.2646011772,-3.12740066849
-0.018422493855,1.06411344311,-3.08818530718,1.0034113689,1.26451770688,-3.12740050076
-0.018422493855,1.06411344311,-3.08818530718,0.998712593409,1.26445098031,-3.1274003953
-0.018422493855,1.06411344311,-3.08818530718,0.994621410744,1.26439287669,-3.12740022814
-0.018422493855,1.06411344311,-3.08818530718,0.990611824479,1.26433594459,-3.12740005201
-0.018422493855,1.06411344311,-3.08818530718,0.987123916764,1.26428644157,-3.12739981267
-0.018422493855,1.06411344311,-3.08818530718,0.985319013031,1.26426082047,-3.12739971453
-0.018422493855,1.06411344311,-3.08818530718,0.984057846944,1.26424291688,-3.12739957457
-0.018422493855,1.06411344311,-3.08818530718,0.982715853693,1.26422390055,-3.12739952066
-0.018422493855,1.06411344311,-3.08818530718,0.98189408349,1.26421227288,-3.12739953743
-0.018422493855,1.06411344311,-3.08818530718,0.981242191659,1.2642030371,-3.12739954488
-0.018422493855,1.06411344311,-3.08818530718,0.980718802945,1.26419562812,-3.12739955372
-0.018422493855,1.06411344311,-3.08818530718,0.980179826706,1.26418799729,-3.12739955945
-0.018422493855,1.06411344311,-3.08818530718,0.979978114345,1.26418514723,-3.12739956441
-0.018422493855,1.06411344311,-3.08818530718,0.97972245199,1.26418153307,-3.12739957114
-0.018422493855,1.06411344311,-3.08818530718,0.979591004056,1.26417967567,-3.12739957445
-0.018422493855,1.06411344311,-3.08818530718,0.979397647942,1.26417694947,-3.12739958268
-0.018422493855,1.06411344311,-3.08818530718,0.979235321603,1.26417465695,-3.12739958793
-0.018422493855,1.06411344311,-3.08818530718,0.97911871001,1.26417301835,-3.12739959496
-0.018422493855,1.06411344311,-3.08818530718,0.979067435387,1.26417229277,-3.12739959573
-0.018422493855,1.06411344311,-3.08818530718,0.979012427989,1.26417152319,-3.12739960061
-0.018422493855,1.06411344311,-3.08818530718,0.978981848606,1.26417109783,-3.12739960509
-0.018422493855,1.06411344311,-3.08818530718,0.978946028654,1.26417059953,-3.12739960984
-0.018422493855,1.06411344311,-3.08818530718,0.978925073792,1.26417031137,-3.12739961424
-0.018422493855,1.06411344311,-3.08818530718,0.97890569523,1.26417004313,-3.12739961758
-0.018422493855,1.06411344311,-3.08818530718,0.978892851961,1.26416986805,-3.12739962115
-0.018422493855,1.06411344311,-3.08818530718,0.978880599632,1.26416970161,-3.12739962495
-0.018422493855,1.06411344311,-3.08818530718,0.97887303927,1.26416959991,-3.12739962787
-0.018422493855,1.06411344311,-3.08818530718,0.978863776476,1.26416947472,-3.12739963123
-0.018422493855,1.06411344311,-3.08818530718,0.97885941175,1.26416941727,-3.1273996337
-0.018422493855,1.06411344311,-3.08818530718,0.978855916509,1.26416936943,-3.1273996347
-0.018422493855,1.06411344311,-3.08818530718,0.978851699175,1.26416931651,-3.12739963869
-0.018422493855,1.06411344311,-3.08818530718,0.978848682581,1.26416927747,-3.12739964096
-0.018422493855,1.06411344311,-3.08818530718,0.978846682167,1.26416925287,-3.12739964332
-0.018422493855,1.06411344311,-3.08818530718,0.978844947725,1.26416923066,-3.12739964487
-0.018422493855,1.06411344311,-3.08818530718,0.978843990193,1.26416921858,-3.12739964583
-0.018422493855,1.06411344311,-3.08818530718,0.97884282338,1.26416920445,-3.12739964751
-0.018422493855,1.06411344311,-3.08818530718,0.978841872811,1.26416919363,-3.12739964782
-0.018422493855,1.06411344311,-3.08818530718,0.978841311152,1.26416918622,-3.12739964751
-0.018422493855,1.06411344311,-3.08818530718,0.978840735912,1.26416917934,-3.12739964589
-0.018422493855,1.06411344311,-3.08818530718,0.978840301573,1.2641691734,-3.1273996428
-0.018422493855,1.06411344311,-3.08818530718,0.978839903576,1.26416916775,-3.12739963648
-0.018422493855,1.06411344311,-3.08818530718,0.978839715654,1.26416916507,-3.12739963586
-0.018422493855,1.06411344311,-3.08818530718,0.978839427756,1.26416916068,-3.12739962917
-0.018422493855,1.06411344311,-3.08818530718,0.978839215252,1.26416915738,-3.12739962502
-0.018422493855,1.06411344311,-3.08818530718,0.978839091758,1.26416915521,-3.12739962105
-0.018422493855,1.06411344311,-3.08818530718,0.978838966728,1.26416915298,-3.1273996175
-0.018422493855,1.06411344311,-3.08818530718,0.978838899027,1.26416915152,-3.12739961476
-0.018422493855,1.06411344311,-3.08818530718,0.978838817065,1.26416914961,-3.12739961097
-0.018422493855,1.06411344311,-3.08818530718,0.97883878039,1.26416914867,-3.12739960918
-0.018422493855,1.06411344311,-3.08818530718,0.978838726039,1.26416914672,-3.1273996045
-0.018422493855,1.06411344311,-3.08818530718,0.978838693036,1.26416914501,-3.12739959985
-0.018422493855,1.06411344311,-3.08818530718,0.978838665855,1.26416914381,-3.12739959697
-0.018422493855,1.06411344311,-3.08818530718,0.97883864812,1.26416914276,-3.12739959406
