-1.56398738738
-1.56398738738
-1.56398738738
-1.56398738738
-1.58253712148
-1.58253712148
-1.6068066889
-1.6068066889
-1.62503655885
-1.62503655885
-1.62503655885
-1.63698870621
-1.63698870621
-1.66324258831
-1.68012366122
-1.68012366122
-1.69843360248
-1.69843360248
-1.71710114777
-1.71710114777
-1.73346718051
-1.73346718051
-1.75221527936
-1.75221527936
-1.7693364664
-1.7693364664
-1.78212589436
-1.78212589436
-1.79948692242
-1.79948692242
-1.81927155972
-1.81927155972
-1.84394542093
-1.84394542093
-1.84394542093
-1.86270010996
-1.86270010996
-1.88197362001
-1.89946004117
-1.89946004117
-1.91277725872
-1.91277725872
-1.93459679028
-1.93459679028
-1.95304366069
-1.95304366069
-1.97177164817
-1.97177164817
-1.99114001663
-1.99114001663
-2.00367524632
-2.00367524632
-2.00367524632
-2.02741758089
-2.02741758089
-2.0441264069
-2.06155901932
-2.06155901932
-2.08007935211
-2.08007935211
-2.09876944725
-2.09876944725
-2.1177105295
-2.1177105295
-2.13561648706
-2.13561648706
-2.15506054409
-2.15506054409
-2.17366937514
-2.17366937514
-2.18620550072
-2.18620550072
-2.20957750797
-2.20957750797
-2.2284945403
-2.2284945403
-2.24721932275
-2.24721932275
-2.26575136369
-2.26575136369
-2.2845364031
-2.2845364031
-2.29639588593
-2.29639588593
-2.29079517827
-2.29079517827
-2.29079517827
-2.27504096049
-2.26753926244
-2.26753926244
-2.25662224863
-2.25662224863
-2.24012633177
-2.24012633177
-2.22696474923
-2.22696474923
-2.21978599468
-2.21978599468
-2.2084182052
-2.2084182052
-2.19673025203
-2.19673025203
-2.18587887338
-2.18587887338
-2.16916260646
-2.16916260646
-2.16916260646
-2.15767119789
-2.15127634596
-2.15127634596
-2.13551472016
-2.13551472016
-2.1286344471
-2.1286344471
-2.11783466416
-2.11783466416
-2.10637024898
-2.10637024898
-2.08973668666
-2.08973668666
-2.08306258675
-2.08306258675
-2.07199109872
-2.07199109872
-2.06160679345
-2.06160679345
-2.06160679345
-2.05284221047
-2.04000109954
-2.04000109954
-2.02307806028
-2.02307806028
-2.01076894924
-2.01076894924
-2.00315285907
-2.00315285907
-2.00315285907
-1.99704242385
-1.99704242385
-1.98618500224
-1.97508705809
-1.97508705809
-1.96529192667
-1.96529192667
-1.95340293074
-1.95340293074
-1.94342092738
-1.94342092738
-1.92762273953
-1.92762273953
-1.92031130119
-1.92031130119
-1.90994802196
-1.90994802196
-1.89727324345
-1.89727324345
-1.87981595173
-1.87981595173
-1.87981595173
-1.87618442722
-1.86434435508
-1.86434435508
-1.85404633469
-1.85404633469
-1.83784049413
-1.83784049413
-1.82600754217
-1.82600754217
-1.81913397508
-1.81913397508
-1.81913397508
-1.79360772552
-1.78990994103
-1.78990994103
-1.78234377153
-1.78234377153
-1.7662997294
-1.7662997294
-1.75808264195
-1.75808264195
-1.74277975797
-1.74277975797
-1.74277975797
-1.73778164695
-1.72626212118
-1.72626212118
-1.71052641659
-1.71052641659
-1.71052641659
-1.69792029571
-1.68574944264
-1.68574944264
-1.67988336385
-1.67988336385
-1.66565133177
-1.66565133177
-1.64854221834
-1.64854221834
-1.63743507151
-1.63743507151
-1.63743507151
-1.61511938875
-1.62151310855
-1.62151310855
-1.62151310855
-1.61138840114
-1.61138840114
-1.59952338092
-1.58852864719
-1.58852864719
-1.57692482242
-1.57692482242
-1.56388516425
-1.56388516425
-1.54736924843
-1.54736924843
-1.53241512628
-1.53241512628
-1.53241512628
-1.5125511973
-1.51664378827
-1.51664378827
-1.50638910132
-1.50638910132
-1.49019592825
-1.49019592825
-1.48548818221
-1.48548818221
-1.48548818221
-1.47001923266
-1.46380409577
-1.46380409577
-1.45407166958
-1.45407166958
-1.44342547086
-1.44342547086
-1.43304036439
-1.43304036439
-1.42187201951
-1.42187201951
-1.40596558135
-1.40596558135
-1.39292615673
-1.39292615673
-1.38132269189
-1.38132269189
-1.37728573069
-1.37728573069
-1.36533416207
-1.36533416207
-1.35390476388
-1.35390476388
-1.34176902387
-1.34176902387
-1.34176902387
-1.31643760089
-1.31626600867
-1.31626600867
-1.30422742307
-1.30422742307
-1.2936248004
-1.2936248004
-1.28084647947
-1.28084647947
-1.26367817748
-1.26367817748
-1.25916258664
-1.25916258664
-1.24908213687
-1.24908213687
-1.23856654779
-1.23856654779
-1.22691959482
-1.22691959482
-1.22691959482
-1.21649103507
-1.20506165324
-1.20506165324
-1.20506165324
-1.1956339172
-1.1956339172
-1.18722119443
-1.17247055708
-1.17247055708
-1.15565037301
-1.15565037301
-1.15100424533
-1.15100424533
-1.15100424533
-1.12701165135
-1.12945090631
-1.12945090631
-1.11958803191
-1.11958803191
-1.1076799977
-1.1076799977
-1.09671311103
-1.09671311103
-1.11638774366
-1.11638774366
-1.11638774366
-1.13604621498
-1.14935657409
-1.14935657409
-1.1725347452
-1.1725347452
-1.18610618874
-1.18610618874
-1.21015464083
-1.21015464083
-1.22259471935
-1.22259471935
-1.22259471935
-1.24177453669
-1.26047569958
-1.26047569958
-1.27396011531
-1.27396011531
-1.29235667995
-1.29235667995
-1.31583944966
-1.31583944966
-1.33010711831
-1.33010711831
-1.35476476729
-1.35476476729
-1.37468432362
-1.37468432362
-1.38773359904
-1.38773359904
-1.41125988287
-1.41125988287
-1.42965644763
-1.42965644763
-1.44901032142
-1.53373163775
-1.53373163775
-1.53373163775
-1.53373163775
-1.53373163775
-1.55228498111
-1.55228498111
-1.56956256423
-1.56956256423
-1.58918131022
-1.58918131022
-1.60812556147
-1.60812556147
-1.62734776075
-1.62734776075
-1.64534003351
-1.64534003351
-1.66349130241
-1.66349130241
-1.68489747115
-1.68489747115
-1.70154151894
-1.70154151894
-1.72052798487
-1.72052798487
-1.73903887199
-1.73903887199
-1.75838443362
-1.75838443362
-1.77721490027
-1.77721490027
-1.79727791317
-1.79727791317
-1.81527679946
-1.81527679946
-1.83383329699
-1.83383329699
-1.85191445762
-1.85191445762
-1.87142854609
-1.87142854609
-1.88963256759
-1.88963256759
-1.90911179509
-1.90911179509
-1.92747960784
-1.92747960784
-1.94640741998
-1.94640741998
-1.9646211522
-1.99266474212
-1.99266474212
-1.9822549088
-1.9822549088
-1.9714792031
-1.9714792031
-1.96063194181
-1.96063194181
-1.94286209304
-1.94286209304
-1.93341867565
-1.93341867565
-1.92005205649
-1.92005205649
-1.92388501431
-1.92388501431
-1.91363519612
-1.91363519612
-1.90115526809
-1.90115526809
-1.87614229239
-1.87614229239
-1.86328643582
-1.86328643582
-1.8529448446
-1.8529448446
-1.85730625407
-1.85730625407
-1.8386428243
-1.8386428243
-1.83539375753
-1.83539375753
-1.82476867509
-1.82476867509
-1.79949401883
-1.79949401883
-1.80265935025
-1.80265935025
-1.79230304042
-1.79230304042
-1.76681870311
-1.76681870311
-1.77003252611
-1.77003252611
-1.74424728367
-1.74424728367
-1.74128903682
-1.74128903682
-1.72446262992
-1.72446262992
-1.71446322066
-1.71446322066
-1.70311663469
-1.70311663469
-1.69211859087
-1.69211859087
-1.69703448352
-1.69703448352
-1.68542853764
-1.68542853764
-1.65934494048
-1.65934494048
-1.65934494048
-1.66965323064
-1.65300531315
-1.65300531315
-1.64200960477
-1.64200960477
-1.63205823619
-1.63205823619
-1.63205823619
-1.62306425613
-1.61132948629
-1.61132948629
-1.59872464465
-1.59872464465
-1.58846941781
-1.58846941781
-1.57723302515
-1.57723302515
-1.56726310341
-1.56726310341
-1.5570516589
-1.5570516589
-1.5570516589
-1.55410213694
-1.53519306522
-1.53519306522
-1.52489476586
-1.52489476586
-1.52715979897
-1.52715979897
-1.50221599339
-1.50221599339
-1.49117176112
-1.49443765925
-1.49443765925
-1.49443765925
-1.46900897162
-1.46900897162
-1.45905894941
-1.45905894941
-1.44915245809
-1.44915245809
-1.43802760162
-1.43802760162
-1.42622524999
-1.42622524999
-1.41573440543
-1.41573440543
-1.4176079442
-1.4176079442
-1.39174420399
-1.39174420399
-1.39496667995
-1.39496667995
-1.36862429922
-1.36862429922
-1.37393955505
-1.37393955505
-1.36093954844
-1.36093954844
-1.33377041376
-1.33377041376
-1.33703642062
-1.33703642062
-1.31282623893
-1.31282623893
-1.31665793156
-1.31665793156
-1.29001097218
-1.29001097218
-1.27929726598
-1.27929726598
-1.26880572898
-1.26880572898
-1.2588558193
-1.2588558193
-1.24638209843
-1.24638209843
-1.25133095033
-1.25133095033
-1.24100362992
-1.24100362992
-1.22961776121
-1.22961776121
-1.20397683362
-1.20397683362
-1.20745522166
-1.20745522166
-1.18124341042
-1.18124341042
-1.18529268373
-1.18529268373
-1.18986412574
-1.18986412574
-1.16330420311
-1.16330420311
-1.15278861759
-1.15278861759
-1.15353082493
-1.15353082493
-1.12866795037
-1.12866795037
-1.13189045818
-1.13189045818
-1.12128784523
-1.12128784523
-1.12468440929
-1.12468440929
-1.14377719798
-1.14377719798
-1.16374026762
-1.16374026762
-1.18139709315
-1.18139709315
-1.20027231195
-1.20027231195
-1.21892996059
-1.21892996059
-1.23998088171
-1.23998088171
-1.2588561007
-1.2588561007
-1.27747023547
-1.27747023547
-1.27747023547
-1.3035638478
-1.31465499107
-1.31465499107
-1.3337042664
-1.3337042664
-1.35244894343
-1.35244894343
-1.36549821881
-1.36549821881
-1.39059100826
-1.39059100826
-1.40811729208
-1.40811729208
-1.42629628659
-1.42629628659
-1.44477987943
-1.44477987943
-1.46230616328
-1.46230616328
-1.48096381232
-1.48096381232
-1.49988254566
-1.49988254566
-1.5165385486
-1.5165385486
-1.53632756287
-1.53632756287
-1.5525919394
-1.5525919394
-1.57151067276
-1.57151067276
-1.59029886398
-1.59029886398
-1.61652301873
-1.61652301873
-1.62970283637
-1.62970283637
-1.62970283637
-1.65014456136
-1.66888923855
-1.66888923855
-1.6862849803
-1.6862849803
-1.70511668558
-1.70511668558
-1.72434001729
-1.72434001729
-1.74425957373
-1.74425957373
-1.76339587734
-1.76339587734
-1.78309786356
-1.78309786356
-1.8006676615
-1.8006676615
-1.81736717851
-1.81736717851
-1.8368515945
-1.8368515945
-1.85481301886
-1.85481301886
-1.87399283652
-1.87399283652
-1.89225885921
-1.89225885921
-1.89225885921
-1.92013654775
-1.93122769118
-1.93122769118
-1.95149536001
-1.95149536001
-1.97071869171
-1.97071869171
-1.99033364984
-1.99033364984
-2.01020969226
-2.01020969226
-2.02973762229
-2.04826472926
-2.04826472926
-2.04826472926
-2.06657426599
-2.06657426599
-2.08588461761
-2.08588461761
-2.10441171634
-2.10441171634
-2.12446180629
-2.12446180629
-2.14342404729
-2.14342404729
-2.16673275666
-2.16673275666
-2.18104393372
-1.61831616422
-1.61831616422
-1.61831616422
-1.63158438858
-1.63158438858
-1.65517941298
-1.65517941298
-1.66792518372
-1.66792518372
-1.66792518372
-1.6901711191
-1.70315522262
-1.70315522262
-1.71971890993
-1.71971890993
-1.73612413315
-1.73612413315
-1.76027584643
-1.76027584643
-1.77349971513
-1.77349971513
-1.79228769981
-1.79228769981
-1.81115585237
-1.81115585237
-1.81115585237
-1.83113671638
-1.85000690561
-1.85000690561
-1.87467969555
-1.87467969555
-1.87467969555
-1.89502247431
-1.89502247431
-1.90726121157
-1.92554122204
-1.92554122204
-1.94922653616
-1.94922653616
-1.96810661944
-1.96810661944
-1.98142669566
-1.98142669566
-2.00551579642
-2.00551579642
-2.00551579642
-2.01792569515
-2.03717490081
-2.03717490081
-2.05598949209
-2.05598949209
-2.07508678419
-2.07508678419
-2.09207401249
-2.09207401249
-2.11066642567
-2.11066642567
-2.13526886563
-2.13526886563
-2.13526886563
-2.15652748093
-2.16686308281
-2.16686308281
-2.18541385401
-2.18541385401
-2.20965256774
-2.20965256774
-2.22331022661
-2.22331022661
-2.24853279503
-2.24853279503
-2.24853279503
-2.26249178442
-2.26249178442
-2.28072344653
-2.30318149303
-2.30318149303
-2.31721644225
-2.31721644225
-2.33506966266
-2.33506966266
-2.35346080462
-2.35346080462
-2.36900925698
-2.36900925698
-2.36900925698
-2.39223607361
-2.39223607361
-2.36582049976
-2.36239081093
-2.36239081093
-2.35099521092
-2.35099521092
-2.34507493994
-2.34507493994
-2.32919156801
-2.32919156801
-2.32907146542
-2.31769084709
-2.30559328612
-2.30559328612
-2.30031535799
-2.30031535799
-2.28932660654
-2.28932660654
-2.28932660654
-2.27241704296
-2.26009787711
-2.26009787711
-2.24934554503
-2.24934554503
-2.24401144565
-2.24401144565
-2.22643779925
-2.22643779925
-2.22643779925
-2.22054049569
-2.20349032788
-2.20349032788
-2.19316549798
-2.19316549798
-2.19316549798
-2.18159381528
-2.17062232105
-2.17062232105
-2.16490697316
-2.16490697316
-2.15443396607
-2.15443396607
-2.1383198066
-2.1383198066
-2.13157449447
-2.13157449447
-2.12023245638
-2.12023245638
-2.10910231266
-2.10910231266
-2.09335805092
-2.09335805092
-2.09335805092
-2.08890627408
-2.08890627408
-2.07337262425
-2.0613996793
-2.0613996793
-2.0513763197
-2.0513763197
-2.03946459261
-2.03946459261
-2.028855607
-2.028855607
-2.03817215187
-2.03817215187
-2.01266324656
-2.01266324656
-1.99709210169
-1.99709210169
-1.98505381095
-1.98505381095
-1.97951730936
-1.97951730936
-1.96367736349
-1.96367736349
-1.96367736349
-1.95210340031
-1.95210340031
-1.94653158354
-1.92896128329
-1.92896128329
-1.92091550942
-1.92091550942
-1.90534710912
-1.90534710912
-1.89421532995
-1.89421532995
-1.88921500271
-1.88921500271
-1.88921500271
-1.87956808524
-1.86121675187
-1.86121675187
-1.85052312265
-1.85052312265
-1.85052312265
-1.84552563402
-1.83018147414
-1.83018147414
-1.81909787429
-1.81909787429
-1.81431910748
-1.81431910748
-1.80436719101
-1.80436719101
-1.78802401783
-1.78802401783
-1.77833367189
-1.77833367189
-1.77294677848
-1.77294677848
-1.76138600291
-1.76138600291
-1.74561749915
-1.74561749915
-1.73439680612
-1.73439680612
-1.72394435433
-1.72394435433
-1.72394435433
-1.72053933192
-1.70858743015
-1.70858743015
-1.692550096
-1.692550096
-1.68846930845
-1.68846930845
-1.67260613161
-1.67260613161
-1.66209030904
-1.66209030904
-1.65635616045
-1.65635616045
-1.64640606781
-1.64640606781
-1.63571627744
-1.63571627744
-1.63315624289
-1.63315624289
-1.6063351456
-1.6063351456
-1.59590649209
-1.59590649209
-1.59965109474
-1.59965109474
-1.57422246645
-1.57422246645
-1.56842468919
-1.56842468919
-1.55169072542
-1.55169072542
-1.55458607972
-1.55458607972
-1.53502694229
-1.53502694229
-1.51942511488
-1.51942511488
-1.50960572379
-1.50960572379
-1.504045781
-1.504045781
-1.504045781
-1.48883559278
-1.48327565547
-1.48327565547
-1.47323870863
-1.47323870863
-1.45776744579
-1.45776744579
-1.44551129087
-1.44551129087
-1.44951704273
-1.44951704273
-1.4216081803
-1.4216081803
-1.41083150464
-1.41083150464
-1.400315914
-1.400315914
-1.39423381974
-1.39423381974
-1.37737011864
-1.37737011864
-1.37872152079
-1.37872152079
-1.37872152079
-1.37342761614
-1.3542576733
-1.3542576733
-1.34239315158
-1.34239315158
-1.3393135283
-1.3393135283
-1.32097035281
-1.32097035281
-1.30954097228
-1.30954097228
-1.29963458328
-1.29963458328
-1.29963458328
-1.304162512
-1.27760258991
-1.27760258991
-1.27760258991
-1.28178240664
-1.25539654095
-1.25539654095
-1.25539654095
-1.25122906857
-1.23223318349
-1.23223318349
-1.23223318349
-1.25645569158
-1.27498279787
-1.27498279787
-1.27498279787
-1.28929397999
-1.28929397999
-1.31451731113
-1.32752307213
-1.32752307213
-1.32752307213
-1.3476166843
-1.36583919263
-1.36583919263
-1.38358304651
-1.38358304651
-1.40719635829
-1.40719635829
-1.41989752122
-1.41989752122
-1.41989752122
-1.44507733869
-1.45860526854
-1.45860526854
-1.47817671247
-1.47817671247
-1.49783518451
-1.49783518451
-1.51636229137
-1.51636229137
-1.53354046283
-1.53354046283
-1.55202405567
-1.55202405567
-1.55202405567
-1.57107333113
-1.57107333113
-1.59034017683
-1.60891079779
-1.60891079779
-1.63152328669
-1.63152328669
-1.6460085257
-1.6460085257
-1.66296912697
-1.66296912697
-1.68245354293
-1.68245354293
-1.68245354293
-1.70793795889
-1.72524667255
-1.72524667255
-1.72524667255
-1.74390432164
-1.76012518413
-1.76012518413
-1.76012518413
-1.78043636699
-1.79926807227
-1.79926807227
-1.81257843207
-1.81257843207
-1.83727959521
-1.83727959521
-1.84941507576
-1.84941507576
-1.86898651984
-1.86898651984
-1.88733957062
-1.88733957062
-1.91134450902
-1.91134450902
-1.92730922565
-1.92730922565
-1.92730922565
-1.93918362192
-1.95836343958
-1.95836343958
-1.97754325724
-1.97754325724
-1.97754325724
-1.99520008328

