-1.57424419994
-1.57424419994
-1.57424419994
-1.57424419994
-1.57424419787
-1.57424419619
-1.57424419619
-1.57424419619
-1.57424419398
-1.57424419252
-1.57424419252
-1.57424419252
-1.57424419053
-1.57424418907
-1.57424418907
-1.57424418907
-1.57424418724
-1.5742441862
-1.5742441862
-1.5742441862
-1.57424418435
-1.57424418271
-1.57424418271
-1.5742441811
-1.5742441811
-1.57424417937
-1.57424417937
-1.57424417774
-1.57424417774
-1.57424417584
-1.57424417584
-1.57424417394
-1.57424417394
-1.57424417394
-1.57424417217
-1.5742441702
-1.5742441702
-1.57424416879
-1.57424416879
-1.57424416727
-1.57424416727
-1.57424416727
-1.57424416535
-1.57424416535
-1.57424416416
-1.57424416247
-1.57424416247
-1.57424416055
-1.57424416055
-1.57424416055
-1.57424415894
-1.57424415894
-1.57424415756
-1.57424415756
-1.5742441559
-1.5742441542
-1.5742441542
-1.57424415326
-1.57424415326
-1.57424415165
-1.57424415165
-1.57424414944
-1.57424414944
-1.57424414944
-1.57424414736
-1.57424414736
-1.57424414517
-1.57424414349
-1.57424414349
-1.57424414349
-1.57424414139
-1.57424413945
-1.57424413945
-1.57424413749
-1.57424413749
-1.57424413749
-1.57424413624
-1.57424413624
-1.57424277501
-1.57424075809
-1.57424075809
-1.57423803756
-1.57423803756
-1.57423803756
-1.57423587988
-1.57423369091
-1.57423369091
-1.57423086087
-1.57423086087
-1.57423086087
-1.57422798388
-1.57422798388
-1.57422610757
-1.57422391853
-1.57422391853
-1.57422180764
-1.57422180764
-1.57421914946
-1.57421914946
-1.57421914946
-1.5742161629
-1.5742161629
-1.57421400504
-1.5742113937
-1.5742113937
-1.57420928272
-1.57420928272
-1.57420723426
-1.57420723426
-1.58179267663
-1.58179267663
-1.58179267663
-1.58179050794
-1.58179050794
-1.58198975769
-1.59223578473
-1.59223578473
-1.59223305248
-1.59223305248
-1.59223305248
-1.59223044609
-1.59222783968
-1.59222783968
-1.59552465706
-1.59552465706
-1.59552465706
-1.60230537064
-1.60230331912
-1.60230331912
-1.60230331912
-1.60294232416
-1.60294232416
-1.61012244361
-1.61012073761
-1.61012073761
-1.62127930163
-1.62127930163
-1.62747422494
-1.62747422494
-1.62747422494
-1.62747147335
-1.62747147335
-1.62746876733
-1.62746695823
-1.62746695823
-1.62746695823
-1.63719572642
-1.63719470343
-1.63719470343
-1.63719470343
-1.65259928273
-1.65259673646
-1.65259673646
-1.65259399468
-1.65259399468
-1.65259399468
-1.65259135773
-1.65529026565
-1.65529026565
-1.67065219692
-1.67065219692
-1.6706495308
-1.6706495308
-1.67064705646
-1.67064705646
-1.67064483247
-1.67064483247
-1.67064483247
-1.68056787653
-1.68056492221
-1.68056492221
-1.68056253807
-1.68056253807
-1.68259444785
-1.68259444785
-1.68858332617
-1.68858332617
-1.68858063637
-1.68858063637
-1.64357796281
-1.64357796281
-1.61357524425
-1.61357524425
-1.61357524425
-1.59857318339
-1.58370564287
-1.58370564287
-1.53870349968
-1.53870349968
-1.53410938022
-1.53410938022
-1.53410938022
-1.5041069862
-1.58348995794
-1.58348995794
-1.58348995794
-1.6012432012
-1.6012432012
-1.62034611419
-1.62034611419
-1.63673925629
-1.63673925629
-1.63673655136
-1.63673655136
-1.63673394155
-1.63673394155
-1.63673117729
-1.63673117729
-1.63979311662
-1.63979311662
-1.63979311662
-1.64109128154
-1.64108954616
-1.64108954616
-1.64108673575
-1.64108673575
-1.64108395603
-1.64108395603
-1.65088983331
-1.65088983331
-1.65088983331
-1.65088594893
-1.65088452967
-1.65088452967
-1.65088219474
-1.65088219474
-1.65981472803
-1.65981472803
-1.65981472803
-1.65981150653
-1.65980913769
-1.65980913769
-1.6598063892
-1.6598063892
-1.65980367106
-1.65980367106
-1.65980119584
-1.65980119584
-1.65979843207
-1.65979843207
-1.6686483262
-1.6686483262
-1.66864645348
-1.66864645348
-1.66864645348
-1.67726444456
-1.68012668523
-1.68012668523
-1.68655004648
-1.68655004648
-1.68654743524
-1.68654743524
-1.68654743524
-1.68654529874
-1.68785959386
-1.68785959386
-1.68785959386
-1.71601944453
-1.72471829596
-1.72471829596
-1.74291008873
-1.74291008873
-1.76066588228
-1.76066588228
-1.77810474946
-1.77810474946
-1.79574276875
-1.79574276875
-1.79574276875
-1.82152625232
-1.83268965817
-1.83268965817
-1.85172101734
-1.85172101734
-1.86980048206
-1.86980048206
-1.88708663438
-1.88708663438
-1.90512953356
-1.90512953356
-1.90702113257
-1.90702113257
-1.8940335941
-1.8940335941
-1.8821617675
-1.8821617675
-1.8821617675
-1.87343801682
-1.86041714336
-1.86041714336
-1.86041714336
-1.84923189374
-1.83601642823
-1.83601642823
-1.82400015659
-1.82400015659
-1.81346816101
-1.81346816101
-1.80166853195
-1.80166853195
-1.79111967586
-1.79111967586
-1.77977899923
-1.77977899923
-1.76583704076
-1.76583704076
-1.75455563149
-1.75455563149
-1.74364665692
-1.74364665692
-1.73238347174
-1.73238347174
-1.72080513543
-1.72080513543
-1.71032793454
-1.71032793454
-1.69803961063
-1.69803961063
-1.68701716899
-1.68701716899
-1.67624871559
-1.67624871559
-1.66504302255
-1.66504302255
-1.66504302255
-1.64582560791
-1.63915246956
-1.63915246956
-1.62781439203
-1.62781439203
-1.6161185808
-1.6161185808
-1.60570330936
-1.60570330936
-1.5946428273
-1.5946428273
-1.58252411675
-1.58252411675
-1.58252411675
-1.57896844592
-1.56152681085
-1.56152681085
-1.56152681085
-1.55762686736
-1.54049680629
-1.54049680629
-1.52979154209
-1.52979154209
-1.51818494524
-1.51818494524
-1.5064215192
-1.5064215192
-1.49591687253
-1.49591687253
-1.48588393154
-1.48588393154
-1.47507058682
-1.47507058682
-1.45355388919
-1.45355388919
-1.44899736686
-1.44899736686
-1.43826112957
-1.43826112957
-1.42829576067
-1.42829576067
-1.41645019591
-1.41645019591
-1.40563427902
-1.40563427902
-1.39496437144
-1.39496437144
-1.39365232028
-1.39365232028
-1.38139826136
-1.38139826136
-1.36898461025
-1.36898461025
-1.35803859731
-1.35803859731
-1.34741065888
-1.34741065888
-1.33714307452
-1.33714307452
-1.32740642815
-1.32740642815
-1.32740642815
-1.30221245363
-1.30413444481
-1.30413444481
-1.29315334197
-1.29315334197
-1.28279217956
-1.28279217956
-1.27316206151
-1.27316206151
-1.26117149627
-1.26117149627
-1.25058502536
-1.25058502536
-1.23874482723
-1.23874482723
-1.22842612184
-1.22842612184
-1.21812869773
-1.21812869773
-1.2057126451
-1.2057126451
-1.19418517779
-1.19418517779
-1.1826594043
-1.1826594043
-1.1826594043
-1.15956860105
-1.16171237833
-1.16171237833
-1.15095828826
-1.15095828826
-1.13704544868
-1.13704544868
-1.12330698367
-1.12330698367
-1.11383087605
-1.11383087605
-1.10165895421
-1.10165895421
-1.10165895421
-1.08148797478
-1.07840384589
-1.07840384589
-1.06793600356
-1.06793600356
-1.07210751807
-1.07210751807
-1.06119876073
-1.06119876073
-1.05107332521
-1.05107332521
-1.03929483392
-1.03929483392
-1.02803860339
-1.02803860339
-1.01730461567
-1.01730461567
-1.00256787429
-1.00256787429
-1.00256787429
-0.998269221926
-0.977402012733
-0.977402012733
-0.967147040903
-0.967147040903
-0.954387917793
-0.954387917793
-0.945027362897
-0.945027362897
-0.945027362897
-0.936077952531
-0.922994882159
-0.922994882159
-0.911521802822
-0.911521802822
-0.900266315031
-0.900266315031
-0.89049029699
-0.89049029699
-0.880061604391
-0.880061604391
-0.880061604391
-0.868458069056
-0.858246980056
-0.858246980056
-0.848553181055
-0.848553181055
-0.848553181055
-0.833304306764
-0.818480808636
-0.818480808636
-0.805615429429
-0.805615429429
-0.79509979845
-0.79509979845
-0.784627687618
-0.784627687618
-0.774286123766
-0.774286123766
-0.761638329885
-0.761638329885
-0.750687580494
-0.750687580494
-0.739910890543
-0.739910890543
-0.728133382938
-0.728133382938
-0.728133382938
-0.740445368507
-0.740445368507
-0.751797586036
-0.770803335685
-0.770803335685
-0.790461796629
-0.790461796629
-0.80929349333
-0.80929349333
-0.828342761206
-0.828342761206
-0.847566086127
-0.847566086127
-0.847566086127
-0.868355916453
-0.885621112449
-0.885621112449
-0.904931467862
-0.904931467862
-0.92245774893
-0.92245774893
-0.940593226746
-0.940593226746
-0.959294387319
-0.959294387319
-0.978952856959
-0.978952856959
-0.998611326964
-0.998611326964
-0.998611326964
-1.0218765253
-1.03166224657
-1.03166224657
-1.04975421198
-1.04975421198
-1.06688886866
-1.06688886866
-1.08432812373
-1.08432812373
-1.10333388441
-1.10333388441
-1.12260072943
-1.12260072943
-1.14008349882
-1.14008349882
-1.15730518401
-1.15730518401
-1.17661554334
-1.17661554334
-1.18988238869
-1.18988238869
-1.20893166389
-1.20893166389
-1.22841607957
-1.22841607957
-1.24585533519
-1.24585533519
-1.26525272286
-1.26525272286
-1.28325766111
-1.28325766111
-1.30095800107
-1.30095800107
-1.31665669495
-1.31665669495
-1.33788167263
-1.33788167263
-1.35710500424
-1.35710500424
-1.37780781342
-1.37780781342
-1.39616086413
-1.39616086413
-1.41412228844
-1.41412228844
-1.43286696559
-1.43286696559
-1.43286696559
-1.45956977482
-1.47127011487
-1.47127011487
-1.48971019371
-1.48971019371
-1.50880298325
-1.50880298325
-1.52889659586
-1.52889659586
-1.54764127304
-1.54764127304
-1.5672997452
-1.5672997452
-1.58665361903
-1.58665361903
-1.60548532431
-1.60548532431
-1.62553542289
-1.62553542289
-1.64384495962
-1.64384495962
-1.66263315086
-1.66263315086
-1.66263315086
-1.68685565949
